Molecular-Toolbox 1.0.0
Code written and copyrighted by Janine George (2015-2016)
0 K
B_11 B_22 B_33 B_23 B_13 B_12
Cl1 3.578931e-01 4.746096e-01 3.256005e-01 -6.120118e-03 -6.873914e-02 -6.432657e-02
Cl2 3.578931e-01 4.746096e-01 3.256005e-01 6.119982e-03 -6.873914e-02 6.432653e-02
Cl3 4.647163e-01 4.292884e-01 3.118832e-01 1.277151e-01 2.948544e-02 -4.376246e-02
Cl4 4.647163e-01 4.292884e-01 3.118832e-01 -1.277152e-01 2.948543e-02 4.376241e-02
Cl5 3.295223e-01 3.346191e-01 4.099632e-01 1.380747e-03 6.306589e-02 -1.055745e-01
Cl6 3.295223e-01 3.346191e-01 4.099632e-01 -1.380871e-03 6.306586e-02 1.055745e-01
Cl7 3.611259e-01 5.005075e-01 3.103587e-01 2.212961e-02 -7.045259e-02 -5.054375e-02
Cl8 3.611259e-01 5.005075e-01 3.103587e-01 -2.212975e-02 -7.045259e-02 5.054371e-02
Cl9 4.829032e-01 4.019692e-01 3.252049e-01 1.191142e-01 5.888179e-02 -4.808980e-02
Cl10 4.829032e-01 4.019693e-01 3.252050e-01 -1.191143e-01 5.888179e-02 4.808973e-02
C1 3.199023e-01 3.558585e-01 2.908204e-01 2.775796e-02 -1.990258e-04 -6.166482e-02
C2 3.199023e-01 3.558585e-01 2.908204e-01 -2.775807e-02 -1.990387e-04 6.166477e-02
C3 3.299083e-01 3.491471e-01 2.872287e-01 4.923549e-02 9.617322e-03 -5.875309e-02
C4 3.299083e-01 3.491471e-01 2.872287e-01 -4.923558e-02 9.617309e-03 5.875306e-02
C5 3.417771e-01 3.409356e-01 2.910634e-01 4.757333e-02 1.943324e-02 -5.685269e-02
C6 3.417769e-01 3.409356e-01 2.910634e-01 -4.757346e-02 1.943323e-02 5.685265e-02
C7 3.122396e-01 3.297238e-01 2.971635e-01 3.234251e-02 1.498320e-02 -6.361868e-02
C8 3.122396e-01 3.297238e-01 2.971635e-01 -3.234261e-02 1.498319e-02 6.361865e-02
C9 3.227575e-01 3.493841e-01 2.870325e-01 3.651610e-02 -1.386969e-03 -5.692177e-02
C10 3.227575e-01 3.493841e-01 2.870325e-01 -3.651619e-02 -1.386981e-03 5.692174e-02
N1 3.671208e-01 3.940736e-01 3.132066e-01 6.006192e-02 -7.660698e-03 -1.045023e-01
N2 3.671208e-01 3.940736e-01 3.132066e-01 -6.006204e-02 -7.660720e-03 1.045023e-01

10 K
B_11 B_22 B_33 B_23 B_13 B_12
Cl1 3.684284e-01 4.886639e-01 3.349217e-01 -8.330042e-03 -6.835901e-02 -6.516540e-02
Cl2 3.684284e-01 4.886639e-01 3.349217e-01 8.329903e-03 -6.835901e-02 6.516536e-02
Cl3 4.768482e-01 4.417636e-01 3.221473e-01 1.277154e-01 3.126772e-02 -4.391813e-02
Cl4 4.768482e-01 4.417636e-01 3.221473e-01 -1.277155e-01 3.126771e-02 4.391808e-02
Cl5 3.400674e-01 3.462258e-01 4.218840e-01 -1.380571e-03 6.551937e-02 -1.072068e-01
Cl6 3.400674e-01 3.462258e-01 4.218840e-01 1.380443e-03 6.551934e-02 1.072067e-01
Cl7 3.711167e-01 5.150355e-01 3.204715e-01 1.999705e-02 -7.048359e-02 -5.051316e-02
Cl8 3.711167e-01 5.150355e-01 3.204715e-01 -1.999720e-02 -7.048362e-02 5.051311e-02
Cl9 4.955779e-01 4.143655e-01 3.346784e-01 1.185616e-01 6.084166e-02 -4.826059e-02
Cl10 4.955779e-01 4.143656e-01 3.346784e-01 -1.185618e-01 6.084163e-02 4.826052e-02
C1 3.295330e-01 3.673073e-01 2.995861e-01 2.602163e-02 8.683639e-04 -6.234614e-02
C2 3.295330e-01 3.673073e-01 2.995861e-01 -2.602175e-02 8.683507e-04 6.234610e-02
C3 3.396528e-01 3.601222e-01 2.963090e-01 4.789351e-02 1.104906e-02 -5.913453e-02
C4 3.396528e-01 3.601222e-01 2.963090e-01 -4.789361e-02 1.104905e-02 5.913448e-02
C5 3.518721e-01 3.519107e-01 2.999072e-01 4.607346e-02 2.074662e-02 -5.726068e-02
C6 3.518721e-01 3.519107e-01 2.999072e-01 -4.607358e-02 2.074661e-02 5.726062e-02
C7 3.216904e-01 3.403829e-01 3.067176e-01 3.036902e-02 1.649519e-02 -6.418418e-02
C8 3.216904e-01 3.403829e-01 3.067176e-01 -3.036914e-02 1.649518e-02 6.418415e-02
C9 3.320884e-01 3.605959e-01 2.961148e-01 3.454203e-02 -4.994543e-04 -5.717595e-02
C10 3.320884e-01 3.605959e-01 2.961148e-01 -3.454212e-02 -4.994659e-04 5.717591e-02
N1 3.771676e-01 4.054434e-01 3.221291e-01 5.832661e-02 -6.256085e-03 -1.057285e-01
N2 3.771676e-01 4.054434e-01 3.221291e-01 -5.832673e-02 -6.256107e-03 1.057284e-01

