Molecular-Toolbox 1.0.0
Code written and copyrighted by Janine George (2015-2016)
0 K
U_11 U_22 U_33 U_23 U_13 U_12
Cl1 4.532769e-03 6.011001e-03 4.123779e-03 -7.751220e-05 -8.705914e-04 -8.147055e-04
Cl2 4.532769e-03 6.011001e-03 4.123779e-03 7.751048e-05 -8.705914e-04 8.147050e-04
Cl3 5.885701e-03 5.437001e-03 3.950047e-03 1.617531e-03 3.734375e-04 -5.542580e-04
Cl4 5.885701e-03 5.437001e-03 3.950047e-03 -1.617532e-03 3.734373e-04 5.542574e-04
Cl5 4.173449e-03 4.238000e-03 5.192245e-03 1.748737e-05 7.987388e-04 -1.337117e-03
Cl6 4.173449e-03 4.238000e-03 5.192245e-03 -1.748894e-05 7.987384e-04 1.337117e-03
Cl7 4.573713e-03 6.339002e-03 3.930739e-03 2.802748e-04 -8.922925e-04 -6.401441e-04
Cl8 4.573713e-03 6.339002e-03 3.930739e-03 -2.802766e-04 -8.922925e-04 6.401436e-04
Cl9 6.116040e-03 5.090999e-03 4.118768e-03 1.508599e-03 7.457466e-04 -6.090644e-04
Cl10 6.116040e-03 5.091001e-03 4.118769e-03 -1.508600e-03 7.457466e-04 6.090635e-04
C1 4.051610e-03 4.507001e-03 3.683283e-03 3.515587e-04 -2.520691e-06 -7.809941e-04
C2 4.051610e-03 4.507001e-03 3.683283e-03 -3.515601e-04 -2.520855e-06 7.809934e-04
C3 4.178337e-03 4.422000e-03 3.637794e-03 6.235748e-04 1.218048e-04 -7.441166e-04
C4 4.178337e-03 4.422000e-03 3.637794e-03 -6.235759e-04 1.218046e-04 7.441162e-04
C5 4.328658e-03 4.318000e-03 3.686361e-03 6.025233e-04 2.461249e-04 -7.200477e-04
C6 4.328655e-03 4.318000e-03 3.686361e-03 -6.025249e-04 2.461247e-04 7.200472e-04
C7 3.954561e-03 4.176001e-03 3.763620e-03 4.096227e-04 1.897644e-04 -8.057400e-04
C8 3.954561e-03 4.176001e-03 3.763620e-03 -4.096239e-04 1.897643e-04 8.057396e-04
C9 4.087771e-03 4.425001e-03 3.635309e-03 4.624818e-04 -1.756617e-05 -7.209226e-04
C10 4.087771e-03 4.425001e-03 3.635309e-03 -4.624829e-04 -1.756632e-05 7.209223e-04
N1 4.649639e-03 4.991000e-03 3.966808e-03 7.606931e-04 -9.702387e-05 -1.323537e-03
N2 4.649639e-03 4.991000e-03 3.966808e-03 -7.606946e-04 -9.702415e-05 1.323537e-03

10 K
U_11 U_22 U_33 U_23 U_13 U_12
Cl1 4.666200e-03 6.189001e-03 4.241833e-03 -1.055012e-04 -8.657770e-04 -8.253294e-04
Cl2 4.666200e-03 6.189001e-03 4.241833e-03 1.054995e-04 -8.657770e-04 8.253289e-04
Cl3 6.039353e-03 5.595001e-03 4.080043e-03 1.617534e-03 3.960103e-04 -5.562296e-04
Cl4 6.039353e-03 5.595001e-03 4.080043e-03 -1.617536e-03 3.960102e-04 5.562290e-04
Cl5 4.307004e-03 4.385001e-03 5.343223e-03 -1.748514e-05 8.298125e-04 -1.357790e-03
Cl6 4.307004e-03 4.385001e-03 5.343223e-03 1.748351e-05 8.298121e-04 1.357789e-03
Cl7 4.700248e-03 6.523001e-03 4.058819e-03 2.532656e-04 -8.926851e-04 -6.397566e-04
Cl8 4.700248e-03 6.523001e-03 4.058819e-03 -2.532675e-04 -8.926855e-04 6.397560e-04
Cl9 6.276567e-03 5.248000e-03 4.238751e-03 1.501600e-03 7.705686e-04 -6.112275e-04
Cl10 6.276567e-03 5.248002e-03 4.238751e-03 -1.501603e-03 7.705682e-04 6.112266e-04
C1 4.173584e-03 4.652001e-03 3.794302e-03 3.295678e-04 1.099796e-05 -7.896231e-04
C2 4.173584e-03 4.652001e-03 3.794302e-03 -3.295693e-04 1.099779e-05 7.896226e-04
C3 4.301753e-03 4.561001e-03 3.752797e-03 6.065784e-04 1.399380e-04 -7.489476e-04
C4 4.301753e-03 4.561001e-03 3.752797e-03 -6.065797e-04 1.399379e-04 7.489469e-04
C5 4.456512e-03 4.457001e-03 3.798369e-03 5.835272e-04 2.627590e-04 -7.252150e-04
C6 4.456512e-03 4.457001e-03 3.798369e-03 -5.835287e-04 2.627589e-04 7.252142e-04
C7 4.074257e-03 4.311000e-03 3.884624e-03 3.846281e-04 2.089140e-04 -8.129021e-04
C8 4.074257e-03 4.311000e-03 3.884624e-03 -3.846297e-04 2.089139e-04 8.129018e-04
C9 4.205949e-03 4.567000e-03 3.750338e-03 4.374799e-04 -6.325663e-06 -7.241419e-04
C10 4.205949e-03 4.567000e-03 3.750338e-03 -4.374811e-04 -6.325810e-06 7.241414e-04
N1 4.776883e-03 5.135001e-03 4.079813e-03 7.387151e-04 -7.923424e-05 -1.339067e-03
N2 4.776883e-03 5.135001e-03 4.079813e-03 -7.387167e-04 -7.923452e-05 1.339066e-03

