Molecular-Toolbox 1.0.0
Code written and copyrighted by Janine George (2015-2016)
0 K
beta_11 beta_22 beta_33 beta_23 beta_13 beta_12
Cl1 3.214357e-03 4.400818e-03 3.691969e-04 -1.984471e-05 -2.193618e-04 -5.870285e-04
Cl2 3.214357e-03 4.400818e-03 3.691969e-04 1.984427e-05 -2.193618e-04 5.870281e-04
Cl3 4.173771e-03 3.980577e-03 3.536430e-04 4.141210e-04 9.409455e-05 -3.993655e-04
Cl4 4.173771e-03 3.980577e-03 3.536430e-04 -4.141214e-04 9.409453e-05 3.993650e-04
Cl5 2.959549e-03 3.102756e-03 4.648555e-04 4.477125e-06 2.012572e-04 -9.634470e-04
Cl6 2.959549e-03 3.102756e-03 4.648555e-04 -4.477527e-06 2.012571e-04 9.634466e-04
Cl7 3.243391e-03 4.640956e-03 3.519143e-04 7.175609e-05 -2.248298e-04 -4.612499e-04
Cl8 3.243391e-03 4.640956e-03 3.519143e-04 -7.175654e-05 -2.248298e-04 4.612495e-04
Cl9 4.337114e-03 3.727260e-03 3.687484e-04 3.862322e-04 1.879048e-04 -4.388557e-04
Cl10 4.337114e-03 3.727261e-03 3.687485e-04 -3.862326e-04 1.879048e-04 4.388551e-04
C1 2.873149e-03 3.299698e-03 3.297599e-04 9.000621e-05 -6.351352e-07 -5.627380e-04
C2 2.873149e-03 3.299698e-03 3.297600e-04 -9.000657e-05 -6.351766e-07 5.627376e-04
C3 2.963016e-03 3.237467e-03 3.256873e-04 1.596479e-04 3.069100e-05 -5.361663e-04
C4 2.963016e-03 3.237467e-03 3.256873e-04 -1.596482e-04 3.069096e-05 5.361660e-04
C5 3.069613e-03 3.161326e-03 3.300355e-04 1.542583e-04 6.201576e-05 -5.188237e-04
C6 3.069612e-03 3.161326e-03 3.300355e-04 -1.542587e-04 6.201572e-05 5.188233e-04
C7 2.804327e-03 3.057364e-03 3.369524e-04 1.048718e-04 4.781471e-05 -5.805685e-04
C8 2.804327e-03 3.057364e-03 3.369524e-04 -1.048721e-04 4.781467e-05 5.805682e-04
C9 2.898792e-03 3.239664e-03 3.254649e-04 1.184048e-04 -4.426126e-06 -5.194541e-04
C10 2.898792e-03 3.239664e-03 3.254649e-04 -1.184051e-04 -4.426163e-06 5.194538e-04
N1 3.297234e-03 3.654048e-03 3.551436e-04 1.947530e-04 -2.444698e-05 -9.536627e-04
N2 3.297234e-03 3.654048e-03 3.551436e-04 -1.947534e-04 -2.444705e-05 9.536623e-04

10 K
beta_11 beta_22 beta_33 beta_23 beta_13 beta_12
Cl1 3.308978e-03 4.531136e-03 3.797662e-04 -2.701047e-05 -2.181487e-04 -5.946835e-04
Cl2 3.308978e-03 4.531136e-03 3.797662e-04 2.701002e-05 -2.181487e-04 5.946831e-04
Cl3 4.282732e-03 4.096253e-03 3.652814e-04 4.141219e-04 9.978221e-05 -4.007861e-04
Cl4 4.282732e-03 4.096253e-03 3.652814e-04 -4.141224e-04 9.978219e-05 4.007856e-04
Cl5 3.054258e-03 3.210379e-03 4.783724e-04 -4.476552e-06 2.090868e-04 -9.783429e-04
Cl6 3.054258e-03 3.210379e-03 4.783724e-04 4.476137e-06 2.090867e-04 9.783424e-04
Cl7 3.333122e-03 4.775667e-03 3.633812e-04 6.484119e-05 -2.249287e-04 -4.609707e-04
Cl8 3.333122e-03 4.775667e-03 3.633812e-04 -6.484166e-05 -2.249288e-04 4.609703e-04
Cl9 4.450949e-03 3.842204e-03 3.794903e-04 3.844405e-04 1.941592e-04 -4.404143e-04
Cl10 4.450949e-03 3.842205e-03 3.794903e-04 -3.844409e-04 1.941591e-04 4.404137e-04
C1 2.959645e-03 3.405857e-03 3.396993e-04 8.437611e-05 2.771141e-06 -5.689556e-04
C2 2.959645e-03 3.405857e-03 3.396993e-04 -8.437648e-05 2.771099e-06 5.689552e-04
C3 3.050534e-03 3.339233e-03 3.359834e-04 1.552965e-04 3.526000e-05 -5.396472e-04
C4 3.050534e-03 3.339233e-03 3.359834e-04 -1.552968e-04 3.525996e-05 5.396468e-04
C5 3.160280e-03 3.263092e-03 3.400634e-04 1.493949e-04 6.620704e-05 -5.225469e-04
C6 3.160280e-03 3.263092e-03 3.400634e-04 -1.493953e-04 6.620701e-05 5.225464e-04
C7 2.889208e-03 3.156201e-03 3.477857e-04 9.847269e-05 5.263981e-05 -5.857291e-04
C8 2.889208e-03 3.156201e-03 3.477857e-04 -9.847305e-05 5.263977e-05 5.857288e-04
C9 2.982596e-03 3.343626e-03 3.357633e-04 1.120038e-04 -1.593869e-06 -5.217737e-04
C10 2.982596e-03 3.343626e-03 3.357633e-04 -1.120041e-04 -1.593906e-06 5.217733e-04
N1 3.387467e-03 3.759474e-03 3.652607e-04 1.891262e-04 -1.996455e-05 -9.648523e-04
N2 3.387467e-03 3.759474e-03 3.652607e-04 -1.891266e-04 -1.996462e-05 9.648518e-04

20 K
beta_11 beta_22 beta_33 beta_23 beta_13 beta_12
Cl1 3.693674e-03 5.072911e-03 4.211633e-04 -5.799221e-05 -2.251533e-04 -6.043758e-04
Cl2 3.693674e-03 5.072911e-03 4.211633e-04 5.799170e-05 -2.251533e-04 6.043753e-04
Cl3 4.784881e-03 4.556761e-03 4.111907e-04 4.376626e-04 1.356090e-04 -3.697488e-04
Cl4 4.784881e-03 4.556761e-03 4.111908e-04 -4.376631e-04 1.356090e-04 3.697482e-04
Cl5 3.422407e-03 3.599870e-03 5.419132e-04 -4.233239e-05 2.575772e-04 -1.049550e-03
Cl6 3.422407e-03 3.599870e-03 5.419132e-04 4.233192e-05 2.575771e-04 1.049549e-03
Cl7 3.691444e-03 5.362833e-03 4.087267e-04 3.434431e-05 -2.370074e-04 -4.292246e-04
Cl8 3.691444e-03 5.362833e-03 4.087267e-04 -3.434484e-05 -2.370074e-04 4.292241e-04
Cl9 4.987973e-03 4.278552e-03 4.208297e-04 3.954371e-04 2.307823e-04 -4.167359e-04
Cl10 4.987973e-03 4.278553e-03 4.208298e-04 -3.954376e-04 2.307823e-04 4.167352e-04
C1 3.275205e-03 3.779974e-03 3.747093e-04 6.671258e-05 1.590868e-05 -5.801589e-04
C2 3.275205e-03 3.779974e-03 3.747093e-04 -6.671299e-05 1.590864e-05 5.801585e-04
C3 3.377777e-03 3.684797e-03 3.730408e-04 1.473509e-04 5.830930e-05 -5.299089e-04
C4 3.377777e-03 3.684797e-03 3.730408e-04 -1.473513e-04 5.830926e-05 5.299084e-04
C5 3.509537e-03 3.612317e-03 3.751545e-04 1.381262e-04 8.582460e-05 -5.221971e-04
C6 3.509537e-03 3.612317e-03 3.751545e-04 -1.381266e-04 8.582456e-05 5.221966e-04
C7 3.189839e-03 3.488587e-03 3.892319e-04 7.747949e-05 7.629320e-05 -5.963772e-04
C8 3.189839e-03 3.488587e-03 3.892319e-04 -7.747989e-05 7.629316e-05 5.963767e-04
C9 3.285658e-03 3.706761e-03 3.727476e-04 9.048214e-05 9.006182e-06 -5.078044e-04
C10 3.285658e-03 3.706761e-03 3.727476e-04 -9.048254e-05 9.006145e-06 5.078040e-04
N1 3.728766e-03 4.122609e-03 4.028598e-04 1.722551e-04 -1.485583e-07 -1.012626e-03
N2 3.728766e-03 4.122609e-03 4.028599e-04 -1.722555e-04 -1.486324e-07 1.012626e-03

30 K
beta_11 beta_22 beta_33 beta_23 beta_13 beta_12
Cl1 4.286196e-03 5.908268e-03 4.864994e-04 -1.002285e-04 -2.473124e-04 -6.350266e-04
Cl2 4.286196e-03 5.908268e-03 4.864994e-04 1.002279e-04 -2.473125e-04 6.350261e-04
Cl3 5.577414e-03 5.280103e-03 4.806425e-04 4.919370e-04 1.851265e-04 -3.412151e-04
Cl4 5.577414e-03 5.280103e-03 4.806426e-04 -4.919376e-04 1.851265e-04 3.412144e-04
Cl5 3.963686e-03 4.158484e-03 6.390135e-04 -9.245096e-05 3.322859e-04 -1.166350e-03
Cl6 3.963686e-03 4.158483e-03 6.390135e-04 9.245041e-05 3.322858e-04 1.166349e-03
Cl7 4.250719e-03 6.278725e-03 4.771166e-04 7.765727e-07 -2.651569e-04 -4.010636e-04
Cl8 4.250719e-03 6.278724e-03 4.771166e-04 -7.771901e-07 -2.651570e-04 4.010631e-04
Cl9 5.836726e-03 4.948449e-03 4.858802e-04 4.315373e-04 2.891176e-04 -4.017788e-04
Cl10 5.836726e-03 4.948449e-03 4.858803e-04 -4.315379e-04 2.891176e-04 4.017780e-04
C1 3.730966e-03 4.312230e-03 4.267328e-04 4.367309e-05 3.477229e-05 -5.946176e-04
C2 3.730965e-03 4.312230e-03 4.267328e-04 -4.367356e-05 3.477225e-05 5.946171e-04
C3 3.851469e-03 4.172394e-03 4.266551e-04 1.417035e-04 9.357690e-05 -5.098463e-04
C4 3.851469e-03 4.172394e-03 4.266552e-04 -1.417039e-04 9.357686e-05 5.098458e-04
C5 4.020523e-03 4.104306e-03 4.273396e-04 1.283928e-04 1.179047e-04 -5.196997e-04
C6 4.020523e-03 4.104306e-03 4.273396e-04 -1.283932e-04 1.179047e-04 5.196991e-04
C7 3.618186e-03 3.947631e-03 4.497419e-04 5.136588e-05 1.133643e-04 -6.094490e-04
C8 3.618186e-03 3.947631e-03 4.497419e-04 -5.136634e-05 1.133642e-04 6.094485e-04
C9 3.721496e-03 4.218518e-03 4.263868e-04 6.383118e-05 2.541609e-05 -4.827638e-04
C10 3.721496e-03 4.218518e-03 4.263868e-04 -6.383164e-05 2.541605e-05 4.827633e-04
N1 4.225475e-03 4.639491e-03 4.603315e-04 1.528439e-04 3.121226e-05 -1.092154e-03
N2 4.225475e-03 4.639491e-03 4.603315e-04 -1.528444e-04 3.121218e-05 1.092154e-03

40 K
beta_11 beta_22 beta_33 beta_23 beta_13 beta_12
Cl1 4.992373e-03 6.905426e-03 5.647519e-04 -1.429563e-04 -2.818277e-04 -6.971719e-04
Cl2 4.992373e-03 6.905425e-03 5.647518e-04 1.429556e-04 -2.818278e-04 6.971713e-04
Cl3 6.525240e-03 6.154995e-03 5.620089e-04 5.662029e-04 2.347138e-04 -3.366114e-04
Cl4 6.525240e-03 6.154995e-03 5.620090e-04 -5.662036e-04 2.347138e-04 3.366106e-04
Cl5 4.595511e-03 4.809345e-03 7.516010e-04 -1.435716e-04 4.152628e-04 -1.317017e-03
Cl6 4.595511e-03 4.809345e-03 7.516009e-04 1.435709e-04 4.152626e-04 1.317016e-03
Cl7 4.925708e-03 7.371791e-03 5.572577e-04 -2.688490e-05 -3.052213e-04 -3.971058e-04
Cl8 4.925708e-03 7.371791e-03 5.572577e-04 2.688417e-05 -3.052213e-04 3.971052e-04
Cl9 6.850557e-03 5.754521e-03 5.639121e-04 4.860939e-04 3.537394e-04 -4.128993e-04
Cl10 6.850557e-03 5.754521e-03 5.639122e-04 -4.860946e-04 3.537393e-04 4.128984e-04
C1 4.255187e-03 4.923557e-03 4.872648e-04 1.935771e-05 5.513351e-05 -6.160747e-04
C2 4.255187e-03 4.923557e-03 4.872648e-04 -1.935825e-05 5.513346e-05 6.160741e-04
C3 4.395635e-03 4.731007e-03 4.882369e-04 1.381041e-04 1.330679e-04 -4.888142e-04
C4 4.395635e-03 4.731007e-03 4.882369e-04 -1.381047e-04 1.330679e-04 4.888136e-04
C5 4.611078e-03 4.667312e-03 4.880284e-04 1.217353e-04 1.552020e-04 -5.214301e-04
C6 4.611078e-03 4.667312e-03 4.880284e-04 -1.217358e-04 1.552019e-04 5.214295e-04
C7 4.107775e-03 4.468906e-03 5.190247e-04 2.423054e-05 1.552948e-04 -6.265570e-04
C8 4.107775e-03 4.468906e-03 5.190247e-04 -2.423106e-05 1.552948e-04 6.265565e-04
C9 4.222699e-03 4.802024e-03 4.879967e-04 3.666771e-05 4.356819e-05 -4.572552e-04
C10 4.222699e-03 4.802024e-03 4.879968e-04 -3.666824e-05 4.356816e-05 4.572547e-04
N1 4.800727e-03 5.236175e-03 5.281002e-04 1.347279e-04 6.640264e-05 -1.193805e-03
N2 4.800727e-03 5.236175e-03 5.281002e-04 -1.347285e-04 6.640255e-05 1.193804e-03

50 K
beta_11 beta_22 beta_33 beta_23 beta_13 beta_12
Cl1 5.762381e-03 7.995563e-03 6.501817e-04 -1.838764e-04 -3.244227e-04 -7.819080e-04
Cl2 5.762381e-03 7.995563e-03 6.501817e-04 1.838756e-04 -3.244227e-04 7.819073e-04
Cl3 7.559368e-03 7.117742e-03 6.497384e-04 6.527751e-04 2.822850e-04 -3.524708e-04
Cl4 7.559368e-03 7.117743e-03 6.497385e-04 -6.527759e-04 2.822850e-04 3.524698e-04
Cl5 5.280833e-03 5.517312e-03 8.725175e-04 -1.926262e-04 4.999107e-04 -1.493706e-03
Cl6 5.280833e-03 5.517312e-03 8.725175e-04 1.926255e-04 4.999106e-04 1.493705e-03
Cl7 5.667103e-03 8.566623e-03 6.437704e-04 -4.941003e-05 -3.537485e-04 -4.148734e-04
Cl8 5.667103e-03 8.566623e-03 6.437704e-04 4.940919e-05 -3.537485e-04 4.148727e-04
Cl9 7.954830e-03 6.638931e-03 6.490188e-04 5.524448e-04 4.201598e-04 -4.447253e-04
Cl10 7.954830e-03 6.638931e-03 6.490189e-04 -5.524456e-04 4.201597e-04 4.447242e-04
C1 4.814602e-03 5.578079e-03 5.523660e-04 -4.697431e-06 7.514899e-05 -6.438031e-04
C2 4.814602e-03 5.578079e-03 5.523660e-04 4.696817e-06 7.514894e-05 6.438025e-04
C3 4.976755e-03 5.328423e-03 5.538481e-04 1.360433e-04 1.739453e-04 -4.706063e-04
C4 4.976755e-03 5.328423e-03 5.538481e-04 -1.360439e-04 1.739452e-04 4.706057e-04
C5 5.243291e-03 5.270585e-03 5.531936e-04 1.173862e-04 1.945914e-04 -5.284624e-04
C6 5.243291e-03 5.270585e-03 5.531936e-04 -1.173868e-04 1.945914e-04 5.284617e-04
C7 4.630284e-03 5.025322e-03 5.927846e-04 -2.645041e-06 1.988264e-04 -6.492261e-04
C8 4.630284e-03 5.025322e-03 5.927846e-04 2.644449e-06 1.988263e-04 6.492254e-04
C9 4.759442e-03 5.424332e-03 5.535476e-04 9.761658e-06 6.231986e-05 -4.337563e-04
C10 4.759442e-03 5.424332e-03 5.535476e-04 -9.762259e-06 6.231983e-05 4.337557e-04
N1 5.418044e-03 5.878983e-03 6.013328e-04 1.184152e-04 1.021636e-04 -1.311654e-03
N2 5.418044e-03 5.878983e-03 6.013328e-04 -1.184159e-04 1.021635e-04 1.311653e-03

60 K
beta_11 beta_22 beta_33 beta_23 beta_13 beta_12
Cl1 6.572250e-03 9.144271e-03 7.400087e-04 -2.232492e-04 -3.726688e-04 -8.829635e-04
Cl2 6.572250e-03 9.144271e-03 7.400087e-04 2.232483e-04 -3.726689e-04 8.829627e-04
Cl3 8.646662e-03 8.134667e-03 7.413216e-04 7.472957e-04 3.286625e-04 -3.823301e-04
Cl4 8.646662e-03 8.134668e-03 7.413218e-04 -7.472966e-04 3.286624e-04 3.823289e-04
Cl5 6.001011e-03 6.263350e-03 9.984497e-04 -2.398756e-04 5.854190e-04 -1.689433e-03
Cl6 6.001011e-03 6.263350e-03 9.984497e-04 2.398748e-04 5.854189e-04 1.689432e-03
Cl7 6.450541e-03 9.822953e-03 7.341427e-04 -6.833964e-05 -4.079342e-04 -4.479910e-04
Cl8 6.450541e-03 9.822953e-03 7.341427e-04 6.833868e-05 -4.079343e-04 4.479903e-04
Cl9 9.114471e-03 7.572393e-03 7.384248e-04 6.267445e-04 4.870878e-04 -4.912615e-04
Cl10 9.114471e-03 7.572394e-03 7.384249e-04 -6.267453e-04 4.870877e-04 4.912603e-04
C1 5.396616e-03 6.258957e-03 6.200656e-04 -2.798076e-05 9.488823e-05 -6.768501e-04
C2 5.396616e-03 6.258957e-03 6.200656e-04 2.798007e-05 9.488817e-05 6.768494e-04
C3 5.579976e-03 5.949267e-03 6.217877e-04 1.355209e-04 2.154134e-04 -4.552227e-04
C4 5.579976e-03 5.949267e-03 6.217877e-04 -1.355216e-04 2.154133e-04 4.552219e-04
C5 5.900208e-03 5.897286e-03 6.210457e-04 1.148330e-04 2.344909e-04 -5.403285e-04
C6 5.900208e-03 5.897286e-03 6.210457e-04 -1.148336e-04 2.344909e-04 5.403277e-04
C7 5.173342e-03 5.603703e-03 6.691419e-04 -2.849279e-05 2.428284e-04 -6.770925e-04
C8 5.173342e-03 5.603703e-03 6.691418e-04 2.849213e-05 2.428283e-04 6.770918e-04
C9 5.315988e-03 6.070068e-03 6.215177e-04 -1.611844e-05 8.071234e-05 -4.126138e-04
C10 5.315988e-03 6.070068e-03 6.215177e-04 1.611776e-05 8.071231e-05 4.126131e-04
N1 6.062710e-03 6.552540e-03 6.778803e-04 1.044161e-04 1.377358e-04 -1.442618e-03
N2 6.062710e-03 6.552540e-03 6.778803e-04 -1.044168e-04 1.377357e-04 1.442617e-03

70 K
beta_11 beta_22 beta_33 beta_23 beta_13 beta_12
Cl1 7.407883e-03 1.033251e-02 8.325277e-04 -2.618469e-04 -4.243808e-04 -9.943096e-04
Cl2 7.407883e-03 1.033251e-02 8.325277e-04 2.618458e-04 -4.243809e-04 9.943088e-04
Cl3 9.769592e-03 9.186734e-03 8.353251e-04 8.469442e-04 3.739249e-04 -4.211299e-04
Cl4 9.769592e-03 9.186735e-03 8.353252e-04 -8.469452e-04 3.739249e-04 4.211286e-04
Cl5 6.744443e-03 7.035744e-03 1.127876e-03 -2.853235e-04 6.708261e-04 -1.898518e-03
Cl6 6.744443e-03 7.035744e-03 1.127876e-03 2.853225e-04 6.708259e-04 1.898517e-03
Cl7 7.261297e-03 1.112028e-02 8.269382e-04 -8.521453e-05 -4.654656e-04 -4.900830e-04
Cl8 7.261297e-03 1.112028e-02 8.269382e-04 8.521344e-05 -4.654657e-04 4.900821e-04
Cl9 1.031126e-02 8.538802e-03 8.306967e-04 7.059151e-04 5.546025e-04 -5.454389e-04
Cl10 1.031126e-02 8.538802e-03 8.306968e-04 -7.059161e-04 5.546024e-04 5.454375e-04
C1 5.992306e-03 6.957407e-03 6.894678e-04 -5.074924e-05 1.141816e-04 -7.139164e-04
C2 5.992306e-03 6.957407e-03 6.894678e-04 5.074848e-05 1.141816e-04 7.139156e-04
C3 6.197048e-03 6.586218e-03 6.911610e-04 1.357685e-04 2.565568e-04 -4.423166e-04
C4 6.197048e-03 6.586218e-03 6.911611e-04 -1.357692e-04 2.565568e-04 4.423157e-04
C5 6.573788e-03 6.541558e-03 6.905096e-04 1.135627e-04 2.748941e-04 -5.558503e-04
C6 6.573788e-03 6.541558e-03 6.905096e-04 -1.135634e-04 2.748941e-04 5.558494e-04
C7 5.730741e-03 6.196726e-03 7.470217e-04 -5.382663e-05 2.870447e-04 -7.075577e-04
C8 5.730740e-03 6.196726e-03 7.470217e-04 5.382589e-05 2.870447e-04 7.075569e-04
C9 5.887998e-03 6.731179e-03 6.909212e-04 -4.122860e-05 9.902754e-05 -3.939487e-04
C10 5.887998e-03 6.731179e-03 6.909212e-04 4.122785e-05 9.902750e-05 3.939480e-04
N1 6.725250e-03 7.247329e-03 7.564895e-04 9.195967e-05 1.722837e-04 -1.582798e-03
N2 6.725250e-03 7.247329e-03 7.564896e-04 -9.196049e-05 1.722836e-04 1.582798e-03

80 K
beta_11 beta_22 beta_33 beta_23 beta_13 beta_12
Cl1 8.261103e-03 1.154785e-02 9.270213e-04 -2.999283e-04 -4.788987e-04 -1.111806e-03
Cl2 8.261103e-03 1.154785e-02 9.270213e-04 2.999271e-04 -4.788988e-04 1.111805e-03
Cl3 1.091793e-02 1.026296e-02 9.311207e-04 9.499256e-04 4.187762e-04 -4.654571e-04
Cl4 1.091793e-02 1.026296e-02 9.311209e-04 -9.499267e-04 4.187762e-04 4.654556e-04
Cl5 7.504938e-03 7.826442e-03 1.259720e-03 -3.299963e-04 7.566211e-04 -2.117894e-03
Cl6 7.504938e-03 7.826442e-03 1.259720e-03 3.299952e-04 7.566210e-04 2.117893e-03
Cl7 8.090504e-03 1.244543e-02 9.214393e-04 -1.005486e-04 -5.256821e-04 -5.385505e-04
Cl8 8.090504e-03 1.244543e-02 9.214393e-04 1.005474e-04 -5.256821e-04 5.385495e-04
Cl9 1.153351e-02 9.527906e-03 9.249390e-04 7.889312e-04 6.225361e-04 -6.056115e-04
Cl10 1.153351e-02 9.527906e-03 9.249391e-04 -7.889327e-04 6.225361e-04 6.063202e-04
C1 6.598322e-03 7.668302e-03 7.599457e-04 -7.300287e-05 1.329831e-04 -7.550020e-04
C2 6.598322e-03 7.668302e-03 7.599457e-04 7.300203e-05 1.329830e-04 7.550011e-04
C3 6.824227e-03 7.234151e-03 7.616094e-04 1.367864e-04 2.977054e-04 -4.325983e-04
C4 6.824227e-03 7.234151e-03 7.616094e-04 -1.367872e-04 2.977054e-04 4.325973e-04
C5 7.258638e-03 7.196080e-03 7.611384e-04 1.133193e-04 3.150956e-04 -5.751489e-04
C6 7.258638e-03 7.196080e-03 7.611384e-04 -1.133201e-04 3.150955e-04 5.751480e-04
C7 6.297342e-03 6.799999e-03 8.260665e-04 -7.838959e-05 3.310608e-04 -7.419210e-04
C8 6.297342e-03 6.799999e-03 8.260664e-04 7.838878e-05 3.310607e-04 7.419201e-04
C9 6.469190e-03 7.404004e-03 7.614001e-04 -6.582437e-05 1.171000e-04 -3.785927e-04
C10 6.469190e-03 7.404004e-03 7.614000e-04 6.582355e-05 1.171000e-04 3.785918e-04
N1 7.402115e-03 7.958957e-03 8.366224e-04 8.130148e-05 2.063005e-04 -1.731364e-03
N2 7.402115e-03 7.958957e-03 8.366224e-04 -8.130237e-05 2.063004e-04 1.731363e-03

90 K
beta_11 beta_22 beta_33 beta_23 beta_13 beta_12
Cl1 9.128396e-03 1.278294e-02 1.023040e-03 -3.374944e-04 -5.349412e-04 -1.234032e-03
Cl2 9.128396e-03 1.278294e-02 1.023040e-03 3.374931e-04 -5.349413e-04 1.234031e-03
Cl3 1.208471e-02 1.135676e-02 1.028260e-03 1.055470e-03 4.637543e-04 -5.128339e-04
Cl4 1.208471e-02 1.135676e-02 1.028260e-03 -1.055471e-03 4.637543e-04 5.128323e-04
Cl5 8.278046e-03 8.631050e-03 1.393625e-03 -3.738963e-04 8.423891e-04 -2.344009e-03
Cl6 8.278046e-03 8.631049e-03 1.393625e-03 3.738951e-04 8.423889e-04 2.344007e-03
Cl7 8.934217e-03 1.379182e-02 1.017376e-03 -1.151118e-04 -5.877144e-04 -5.909161e-04
Cl8 8.934217e-03 1.379182e-02 1.017376e-03 1.151105e-04 -5.877144e-04 5.909150e-04
Cl9 1.277515e-02 1.053312e-02 1.020614e-03 8.742547e-04 6.908868e-04 -6.696653e-04
Cl10 1.277515e-02 1.053312e-02 1.020614e-03 -8.742559e-04 6.908868e-04 6.696636e-04
C1 7.212101e-03 8.387984e-03 8.313198e-04 -9.474259e-05 1.514580e-04 -7.986863e-04
C2 7.212101e-03 8.387983e-03 8.313198e-04 9.474166e-05 1.514579e-04 7.986853e-04
C3 7.459150e-03 7.891601e-03 8.328646e-04 1.388298e-04 3.384850e-04 -4.245260e-04
C4 7.459150e-03 7.891601e-03 8.328646e-04 -1.388307e-04 3.384850e-04 4.245250e-04
C5 7.951467e-03 7.860120e-03 8.325736e-04 1.135893e-04 3.551764e-04 -5.963361e-04
C6 7.951467e-03 7.860120e-03 8.325736e-04 -1.135902e-04 3.551764e-04 5.963350e-04
C7 6.871213e-03 7.412058e-03 9.058281e-04 -1.024386e-04 3.749142e-04 -7.788830e-04
C8 6.871213e-03 7.412058e-03 9.058281e-04 1.024377e-04 3.749141e-04 7.788820e-04
C9 7.058342e-03 8.084883e-03 8.325958e-04 -8.965068e-05 1.350095e-04 -3.650039e-04
C10 7.058342e-03 8.084883e-03 8.325958e-04 8.964978e-05 1.350095e-04 3.650030e-04
N1 8.089050e-03 8.682299e-03 9.177418e-04 7.192760e-05 2.395347e-04 -1.885717e-03
N2 8.089050e-03 8.682299e-03 9.177418e-04 -7.192858e-05 2.395346e-04 1.885715e-03

100 K
beta_11 beta_22 beta_33 beta_23 beta_13 beta_12
Cl1 1.000507e-02 1.403342e-02 1.120135e-03 -3.748031e-04 -5.924688e-04 -1.358267e-03
Cl2 1.000507e-02 1.403342e-02 1.120135e-03 3.748017e-04 -5.924690e-04 1.358266e-03
Cl3 1.326504e-02 1.246300e-02 1.126474e-03 1.163065e-03 5.087353e-04 -5.627927e-04
Cl4 1.326504e-02 1.246300e-02 1.126474e-03 -1.163066e-03 5.087353e-04 5.627909e-04
Cl5 9.061576e-03 9.446640e-03 1.528962e-03 -4.172806e-04 9.285800e-04 -2.575563e-03
Cl6 9.061576e-03 9.446639e-03 1.528962e-03 4.172793e-04 9.285798e-04 2.575562e-03
Cl7 9.788220e-03 1.515357e-02 1.114300e-03 -1.291611e-04 -6.510264e-04 -6.458805e-04
Cl8 9.788220e-03 1.515357e-02 1.114300e-03 1.291596e-04 -6.510264e-04 6.458793e-04
Cl9 1.403151e-02 1.155077e-02 1.117453e-03 9.616283e-04 7.597788e-04 -7.355906e-04
Cl10 1.403151e-02 1.155077e-02 1.117453e-03 -9.616296e-04 7.597788e-04 7.355888e-04
C1 7.831753e-03 9.114986e-03 9.033214e-04 -1.159689e-04 1.697289e-04 -8.442590e-04
C2 7.831753e-03 9.114986e-03 9.033213e-04 1.159678e-04 1.697288e-04 8.442580e-04
C3 8.100634e-03 8.555641e-03 9.047470e-04 1.411312e-04 3.790601e-04 -4.191737e-04
C4 8.100634e-03 8.555641e-03 9.047471e-04 -1.411321e-04 3.790601e-04 4.191726e-04
C5 8.650188e-03 8.530748e-03 9.047256e-04 1.148853e-04 3.950956e-04 -6.198795e-04
C6 8.650188e-03 8.530748e-03 9.047256e-04 -1.148863e-04 3.950955e-04 6.198784e-04
C7 7.450721e-03 8.030705e-03 9.862174e-04 -1.257178e-04 4.183153e-04 -8.183225e-04
C8 7.450721e-03 8.030705e-03 9.862174e-04 1.257168e-04 4.183152e-04 8.183214e-04
C9 7.653819e-03 8.773083e-03 9.044192e-04 -1.129631e-04 1.524662e-04 -3.540139e-04
C10 7.653819e-03 8.773082e-03 9.044192e-04 1.129621e-04 1.524661e-04 3.540128e-04
N1 8.784657e-03 9.416623e-03 9.997581e-04 6.383804e-05 2.719448e-04 -2.045855e-03
N2 8.784657e-03 9.416622e-03 9.997581e-04 -6.383910e-05 2.719447e-04 2.045854e-03

110 K
beta_11 beta_22 beta_33 beta_23 beta_13 beta_12
Cl1 1.089042e-02 1.529634e-02 1.218128e-03 -4.123659e-04 -6.508206e-04 -1.485465e-03
Cl2 1.089042e-02 1.529634e-02 1.218128e-03 4.123644e-04 -6.508207e-04 1.485463e-03
Cl3 1.445700e-02 1.358023e-02 1.225405e-03 1.271685e-03 5.537993e-04 -6.136872e-04
Cl4 1.445700e-02 1.358023e-02 1.225405e-03 -1.271686e-03 5.537993e-04 6.136853e-04
Cl5 9.852023e-03 1.027102e-02 1.665464e-03 -4.601504e-04 1.015069e-03 -2.810427e-03
Cl6 9.852023e-03 1.027101e-02 1.665464e-03 4.601490e-04 1.015069e-03 2.810425e-03
Cl7 1.065042e-02 1.652704e-02 1.212031e-03 -1.426970e-04 -7.149560e-04 -7.027333e-04
Cl8 1.065042e-02 1.652704e-02 1.212031e-03 1.426954e-04 -7.149561e-04 7.027320e-04
Cl9 1.529885e-02 1.257795e-02 1.215098e-03 1.050284e-03 8.287967e-04 -8.037511e-04
Cl10 1.529885e-02 1.257795e-02 1.215098e-03 -1.050285e-03 8.287967e-04 8.037491e-04
C1 8.455858e-03 9.847846e-03 9.757712e-04 -1.366817e-04 1.877119e-04 -8.917202e-04
C2 8.455858e-03 9.847845e-03 9.757712e-04 1.366806e-04 1.877118e-04 8.917191e-04
C3 8.746551e-03 9.225537e-03 9.769883e-04 1.442024e-04 4.193050e-04 -4.162989e-04
C4 8.746551e-03 9.225537e-03 9.769883e-04 -1.442035e-04 4.193050e-04 4.162977e-04
C5 9.353577e-03 9.206502e-03 9.772361e-04 1.164387e-04 4.349328e-04 -6.454326e-04
C6 9.353577e-03 9.206502e-03 9.772362e-04 -1.164398e-04 4.349328e-04 6.454314e-04
C7 8.034938e-03 8.655210e-03 1.067144e-03 -1.487399e-04 4.617192e-04 -8.590613e-04
C8 8.034938e-03 8.655210e-03 1.067144e-03 1.487389e-04 4.617191e-04 8.590602e-04
C9 8.253750e-03 9.466407e-03 9.766910e-04 -1.357625e-04 1.696349e-04 -3.442020e-04
C10 8.253750e-03 9.466407e-03 9.766909e-04 1.357614e-04 1.696349e-04 3.442009e-04
N1 9.487279e-03 1.015827e-02 1.082402e-03 5.677537e-05 3.039017e-04 -2.209771e-03
N2 9.487279e-03 1.015827e-02 1.082402e-03 -5.677652e-05 3.039015e-04 2.209770e-03

120 K
beta_11 beta_22 beta_33 beta_23 beta_13 beta_12
Cl1 1.178120e-02 1.656804e-02 1.316838e-03 -4.496718e-04 -7.098306e-04 -1.613962e-03
Cl2 1.178120e-02 1.656804e-02 1.316838e-03 4.496701e-04 -7.098307e-04 1.613960e-03
Cl3 1.565717e-02 1.470478e-02 1.325052e-03 1.381586e-03 5.989486e-04 -6.653963e-04
Cl4 1.565717e-02 1.470478e-02 1.325053e-03 -1.381587e-03 5.989485e-04 6.653942e-04
Cl5 1.064937e-02 1.110125e-02 1.803041e-03 -5.030180e-04 1.101814e-03 -3.048841e-03
Cl6 1.064937e-02 1.110125e-02 1.803041e-03 5.030164e-04 1.101813e-03 3.048840e-03
Cl7 1.151919e-02 1.791003e-02 1.310480e-03 -1.562323e-04 -7.797932e-04 -7.602963e-04
Cl8 1.151919e-02 1.791003e-02 1.310480e-03 1.562306e-04 -7.797932e-04 7.602949e-04
Cl9 1.657461e-02 1.361318e-02 1.313459e-03 1.139964e-03 8.981482e-04 -8.721371e-04
Cl10 1.657461e-02 1.361318e-02 1.313459e-03 -1.139965e-03 8.981482e-04 8.721349e-04
C1 9.083707e-03 1.058510e-02 1.048580e-03 -1.571375e-04 2.053651e-04 -9.404808e-04
C2 9.083707e-03 1.058510e-02 1.048580e-03 1.571364e-04 2.053650e-04 9.404795e-04
C3 9.396233e-03 9.900559e-03 1.049678e-03 1.475307e-04 4.592625e-04 -4.147235e-04
C4 9.396233e-03 9.900559e-03 1.049678e-03 -1.475318e-04 4.592624e-04 4.147222e-04
C5 1.006142e-02 9.886648e-03 1.050195e-03 1.185056e-04 4.744821e-04 -6.728742e-04
C6 1.006142e-02 9.886648e-03 1.050195e-03 -1.185068e-04 4.744821e-04 6.728728e-04
C7 8.623568e-03 9.284108e-03 1.148340e-03 -1.709926e-04 5.047505e-04 -9.015675e-04
C8 8.623568e-03 9.284107e-03 1.148340e-03 1.709915e-04 5.047504e-04 9.015662e-04
C9 8.858134e-03 1.016486e-02 1.049411e-03 -1.580480e-04 1.865158e-04 -3.369888e-04
C10 8.858134e-03 1.016486e-02 1.049411e-03 1.580469e-04 1.865158e-04 3.369876e-04
N1 1.019459e-02 1.090723e-02 1.165584e-03 5.022708e-05 3.351160e-04 -2.376996e-03
N2 1.019459e-02 1.090723e-02 1.165584e-03 -5.022832e-05 3.351158e-04 2.376994e-03

130 K
beta_11 beta_22 beta_33 beta_23 beta_13 beta_12
Cl1 1.267758e-02 1.784707e-02 1.416086e-03 -4.869772e-04 -7.693353e-04 -1.743169e-03
Cl2 1.267758e-02 1.784707e-02 1.416086e-03 4.869754e-04 -7.693354e-04 1.743168e-03
Cl3 1.686434e-02 1.583592e-02 1.425237e-03 1.492000e-03 6.443475e-04 -7.182835e-04
Cl4 1.686434e-02 1.583592e-02 1.425237e-03 -1.492002e-03 6.443475e-04 7.182813e-04
Cl5 1.145077e-02 1.193734e-02 1.941334e-03 -5.456285e-04 1.188646e-03 -3.288556e-03
Cl6 1.145077e-02 1.193734e-02 1.941334e-03 5.456269e-04 1.188646e-03 3.288554e-03
Cl7 1.239311e-02 1.930107e-02 1.409467e-03 -1.695108e-04 -8.448763e-04 -8.191588e-04
Cl8 1.239311e-02 1.930107e-02 1.409467e-03 1.695089e-04 -8.448764e-04 8.191572e-04
Cl9 1.785834e-02 1.465426e-02 1.412447e-03 1.230413e-03 9.680397e-04 -9.415801e-04
Cl10 1.785834e-02 1.465426e-02 1.412447e-03 -1.230415e-03 9.680397e-04 9.415777e-04
C1 9.713923e-03 1.132674e-02 1.121747e-03 -1.773360e-04 2.226893e-04 -9.912509e-04
C2 9.713923e-03 1.132674e-02 1.121747e-03 1.773347e-04 2.226893e-04 9.912496e-04
C3 1.004966e-02 1.057997e-02 1.122726e-03 1.513723e-04 4.988901e-04 -4.150365e-04
C4 1.004966e-02 1.057997e-02 1.122726e-03 -1.513735e-04 4.988901e-04 4.150351e-04
C5 1.077255e-02 1.057046e-02 1.123512e-03 1.210850e-04 5.139504e-04 -7.007836e-04
C6 1.077255e-02 1.057046e-02 1.123512e-03 -1.210862e-04 5.139503e-04 7.007822e-04
C7 9.214544e-03 9.915934e-03 1.229806e-03 -1.932439e-04 5.474104e-04 -9.462044e-04
C8 9.214544e-03 9.915933e-03 1.229805e-03 1.932427e-04 5.474104e-04 9.462031e-04
C9 9.465789e-03 1.086697e-02 1.122400e-03 -1.798205e-04 2.032733e-04 -3.309538e-04
C10 9.465789e-03 1.086697e-02 1.122400e-03 1.798193e-04 2.032733e-04 3.309525e-04
N1 1.090680e-02 1.166206e-02 1.249126e-03 4.470522e-05 3.657513e-04 -2.547287e-03
N2 1.090679e-02 1.166206e-02 1.249126e-03 -4.470655e-05 3.657511e-04 2.547286e-03

140 K
beta_11 beta_22 beta_33 beta_23 beta_13 beta_12
Cl1 1.357845e-02 1.913195e-02 1.515872e-03 -5.242821e-04 -8.290855e-04 -1.873087e-03
Cl2 1.357845e-02 1.913195e-02 1.515872e-03 5.242802e-04 -8.290856e-04 1.873085e-03
Cl3 1.807689e-02 1.697218e-02 1.525869e-03 1.602926e-03 6.897065e-04 -7.716387e-04
Cl4 1.807689e-02 1.697218e-02 1.525870e-03 -1.602928e-03 6.897065e-04 7.716363e-04
Cl5 1.225714e-02 1.277782e-02 2.080253e-03 -5.882372e-04 1.275773e-03 -3.531111e-03
Cl6 1.225714e-02 1.277782e-02 2.080253e-03 5.882355e-04 1.275772e-03 3.531109e-03
Cl7 1.327126e-02 2.069724e-02 1.508902e-03 -1.827887e-04 -9.104956e-04 -8.787315e-04
Cl8 1.327126e-02 2.069724e-02 1.508902e-03 1.827867e-04 -9.104956e-04 8.787298e-04
Cl9 1.914677e-02 1.570047e-02 1.511972e-03 1.321375e-03 1.037934e-03 -1.011491e-03
Cl10 1.914677e-02 1.570047e-02 1.511972e-03 -1.321376e-03 1.037934e-03 1.011488e-03
C1 1.034764e-02 1.207058e-02 1.195183e-03 -1.970219e-04 2.401385e-04 -1.042489e-03
C2 1.034764e-02 1.207058e-02 1.195183e-03 1.970206e-04 2.401384e-04 1.042488e-03
C3 1.070567e-02 1.126305e-02 1.196043e-03 1.557270e-04 5.383947e-04 -4.165276e-04
C4 1.070567e-02 1.126305e-02 1.196043e-03 -1.557283e-04 5.383947e-04 4.165261e-04
C5 1.148694e-02 1.125792e-02 1.197009e-03 1.236658e-04 5.532528e-04 -7.308239e-04
C6 1.148694e-02 1.125792e-02 1.197009e-03 -1.236671e-04 5.532528e-04 7.308223e-04
C7 9.808811e-03 1.055215e-02 1.311629e-03 -2.149827e-04 5.899894e-04 -9.913093e-04
C8 9.808811e-03 1.055215e-02 1.311629e-03 2.149814e-04 5.899893e-04 9.913079e-04
C9 1.007673e-02 1.157274e-02 1.195747e-03 -2.013356e-04 2.199497e-04 -3.269284e-04
C10 1.007673e-02 1.157274e-02 1.195747e-03 2.013343e-04 2.199497e-04 3.269271e-04
N1 1.162369e-02 1.242201e-02 1.333116e-03 3.969728e-05 3.963470e-04 -2.720177e-03
N2 1.162369e-02 1.242201e-02 1.333116e-03 -3.969869e-05 3.963468e-04 2.720176e-03

150 K
beta_11 beta_22 beta_33 beta_23 beta_13 beta_12
Cl1 1.448236e-02 2.042196e-02 1.616017e-03 -5.615866e-04 -8.891650e-04 -2.003715e-03
Cl2 1.448236e-02 2.042196e-02 1.616017e-03 5.615845e-04 -8.891652e-04 2.003713e-03
Cl3 1.929436e-02 1.811283e-02 1.626950e-03 1.714365e-03 7.352742e-04 -8.254617e-04
Cl4 1.929436e-02 1.811283e-02 1.626950e-03 -1.714367e-03 7.352742e-04 8.254592e-04
Cl5 1.306685e-02 1.362196e-02 2.219800e-03 -6.305894e-04 1.362945e-03 -3.774256e-03
Cl6 1.306685e-02 1.362196e-02 2.219800e-03 6.305876e-04 1.362945e-03 3.774254e-03
Cl7 1.415341e-02 2.209853e-02 1.608786e-03 -1.960662e-04 -9.761540e-04 -9.390144e-04
Cl8 1.415341e-02 2.209853e-02 1.608786e-03 1.960641e-04 -9.761541e-04 9.390127e-04
Cl9 2.044079e-02 1.675034e-02 1.611855e-03 1.412593e-03 1.107994e-03 -1.081991e-03
Cl10 2.044079e-02 1.675034e-02 1.611855e-03 -1.412595e-03 1.107994e-03 1.081988e-03
C1 1.098371e-02 1.281809e-02 1.268888e-03 -2.167064e-04 2.572163e-04 -1.095858e-03
C2 1.098371e-02 1.281809e-02 1.268888e-03 2.167050e-04 2.572163e-04 1.095856e-03
C3 1.136471e-02 1.194905e-02 1.269630e-03 1.603390e-04 5.775276e-04 -4.200284e-04
C4 1.136471e-02 1.194905e-02 1.269630e-03 -1.603404e-04 5.775276e-04 4.200268e-04
C5 1.220345e-02 1.194759e-02 1.270774e-03 1.270151e-04 5.926811e-04 -7.612108e-04
C6 1.220345e-02 1.194759e-02 1.270774e-03 -1.270165e-04 5.926810e-04 7.612092e-04
C7 1.040564e-02 1.119057e-02 1.393632e-03 -2.362080e-04 6.324029e-04 -1.038303e-03
C8 1.040564e-02 1.119057e-02 1.393632e-03 2.362066e-04 6.324028e-04 1.038301e-03
C9 1.069069e-02 1.228144e-02 1.269274e-03 -2.223377e-04 2.362120e-04 -3.240812e-04
C10 1.069069e-02 1.228144e-02 1.269274e-03 2.223364e-04 2.362120e-04 3.240798e-04
N1 1.234336e-02 1.318635e-02 1.417285e-03 3.520278e-05 4.262803e-04 -2.894956e-03
N2 1.234336e-02 1.318635e-02 1.417285e-03 -3.520428e-05 4.262801e-04 2.894954e-03

160 K
beta_11 beta_22 beta_33 beta_23 beta_13 beta_12
Cl1 1.538936e-02 2.171563e-02 1.716610e-03 -5.988910e-04 -9.495316e-04 -2.134342e-03
Cl2 1.538936e-02 2.171563e-02 1.716610e-03 5.988889e-04 -9.495318e-04 2.134341e-03
Cl3 2.051605e-02 1.925715e-02 1.728388e-03 1.826316e-03 7.810086e-04 -8.790424e-04
Cl4 2.051605e-02 1.925715e-02 1.728388e-03 -1.826318e-03 7.810086e-04 8.790397e-04
Cl5 1.388035e-02 1.446977e-02 2.359794e-03 -6.731972e-04 1.450575e-03 -4.018231e-03
Cl6 1.388035e-02 1.446977e-02 2.359794e-03 6.731952e-04 1.450575e-03 4.018229e-03
Cl7 1.503859e-02 2.350422e-02 1.708938e-03 -2.093437e-04 -1.042184e-03 -9.992974e-04
Cl8 1.503859e-02 2.350422e-02 1.708938e-03 2.093414e-04 -1.042184e-03 9.992956e-04
Cl9 2.173834e-02 1.780461e-02 1.712096e-03 1.504579e-03 1.178221e-03 -1.152127e-03
Cl10 2.173834e-02 1.780461e-02 1.712097e-03 -1.504581e-03 1.178221e-03 1.152124e-03
C1 1.162165e-02 1.356852e-02 1.342773e-03 -2.361349e-04 2.741293e-04 -1.149106e-03
C2 1.162165e-02 1.356852e-02 1.342773e-03 2.361334e-04 2.741292e-04 1.149104e-03
C3 1.202562e-02 1.263798e-02 1.343396e-03 1.652076e-04 6.164957e-04 -4.241183e-04
C4 1.202562e-02 1.263798e-02 1.343396e-03 -1.652091e-04 6.164956e-04 4.241166e-04
C5 1.292162e-02 1.264018e-02 1.344809e-03 1.303649e-04 6.317385e-04 -7.923081e-04
C6 1.292162e-02 1.264018e-02 1.344809e-03 -1.303663e-04 6.317384e-04 7.923063e-04
C7 1.100436e-02 1.183191e-02 1.475904e-03 -2.574329e-04 6.746940e-04 -1.086006e-03
C8 1.100436e-02 1.183191e-02 1.475904e-03 2.574314e-04 6.746939e-04 1.086005e-03
C9 1.130653e-02 1.299306e-02 1.342981e-03 -2.428269e-04 2.523094e-04 -3.224122e-04
C10 1.130653e-02 1.299306e-02 1.342981e-03 2.428254e-04 2.523094e-04 3.224106e-04
N1 1.306632e-02 1.395362e-02 1.501813e-03 3.122172e-05 4.561326e-04 -3.071623e-03
N2 1.306632e-02 1.395362e-02 1.501813e-03 -3.122331e-05 4.561323e-04 3.071621e-03

170 K
beta_11 beta_22 beta_33 beta_23 beta_13 beta_12
Cl1 1.629891e-02 2.301369e-02 1.817382e-03 -6.361950e-04 -1.010063e-03 -2.265681e-03
Cl2 1.629891e-02 2.301369e-02 1.817382e-03 6.361927e-04 -1.010064e-03 2.265679e-03
Cl3 2.174054e-02 2.040439e-02 1.830005e-03 1.938523e-03 8.268260e-04 -9.325019e-04
Cl4 2.174054e-02 2.040439e-02 1.830006e-03 -1.938526e-03 8.268260e-04 9.324990e-04
Cl5 1.469576e-02 1.531977e-02 2.500147e-03 -7.155480e-04 1.538125e-03 -4.263507e-03
Cl6 1.469576e-02 1.531977e-02 2.500147e-03 7.155459e-04 1.538125e-03 4.263504e-03
Cl7 1.592637e-02 2.491356e-02 1.809449e-03 -2.223647e-04 -1.108295e-03 -1.060169e-03
Cl8 1.592637e-02 2.491356e-02 1.809449e-03 2.223623e-04 -1.108295e-03 1.060168e-03
Cl9 2.303894e-02 1.886107e-02 1.812606e-03 1.596565e-03 1.248822e-03 -1.222974e-03
Cl10 2.303894e-02 1.886107e-02 1.812606e-03 -1.596568e-03 1.248822e-03 1.222971e-03
C1 1.226146e-02 1.432041e-02 1.416837e-03 -2.553065e-04 2.908774e-04 -1.203653e-03
C2 1.226146e-02 1.432041e-02 1.416837e-03 2.553049e-04 2.908773e-04 1.203651e-03
C3 1.268841e-02 1.332984e-02 1.417341e-03 1.703331e-04 6.552988e-04 -4.295076e-04
C4 1.268841e-02 1.332984e-02 1.417341e-03 -1.703346e-04 6.552987e-04 4.295058e-04
C5 1.364256e-02 1.333497e-02 1.418933e-03 1.339716e-04 6.708364e-04 -8.247047e-04
C6 1.364256e-02 1.333497e-02 1.418933e-03 -1.339732e-04 6.708364e-04 8.247028e-04
C7 1.160493e-02 1.247545e-02 1.558266e-03 -2.784008e-04 7.167777e-04 -1.135009e-03
C8 1.160493e-02 1.247545e-02 1.558266e-03 2.783992e-04 7.167776e-04 1.135007e-03
C9 1.192425e-02 1.370762e-02 1.416956e-03 -2.633156e-04 2.682843e-04 -3.214534e-04
C10 1.192425e-02 1.370762e-02 1.416956e-03 2.633140e-04 2.682842e-04 3.214518e-04
N1 1.379229e-02 1.472528e-02 1.586521e-03 2.775365e-05 4.855707e-04 -3.249468e-03
N2 1.379229e-02 1.472528e-02 1.586521e-03 -2.775533e-05 4.855704e-04 3.249466e-03

180 K
beta_11 beta_22 beta_33 beta_23 beta_13 beta_12
Cl1 1.721061e-02 2.431395e-02 1.918513e-03 -6.734985e-04 -1.070427e-03 -2.397729e-03
Cl2 1.721061e-02 2.431395e-02 1.918513e-03 6.734961e-04 -1.070427e-03 2.397727e-03
Cl3 2.296786e-02 2.155456e-02 1.931981e-03 2.050731e-03 8.728111e-04 -9.866716e-04
Cl4 2.296786e-02 2.155456e-02 1.931981e-03 -2.050733e-03 8.728111e-04 9.866686e-04
Cl5 1.551330e-02 1.617269e-02 2.640768e-03 -7.576423e-04 1.625801e-03 -4.509371e-03
Cl6 1.551330e-02 1.617269e-02 2.640768e-03 7.576401e-04 1.625801e-03 4.509369e-03
Cl7 1.681602e-02 2.632584e-02 1.910140e-03 -2.356417e-04 -1.174571e-03 -1.121163e-03
Cl8 1.681602e-02 2.632584e-02 1.910140e-03 2.356392e-04 -1.174571e-03 1.121161e-03
Cl9 2.434283e-02 1.992045e-02 1.913474e-03 1.688808e-03 1.319342e-03 -1.294410e-03
Cl10 2.434283e-02 1.992045e-02 1.913474e-03 -1.688811e-03 1.319342e-03 1.294406e-03
C1 1.290313e-02 1.507524e-02 1.490991e-03 -2.742215e-04 3.074181e-04 -1.258789e-03
C2 1.290313e-02 1.507523e-02 1.490991e-03 2.742199e-04 3.074180e-04 1.258787e-03
C3 1.335376e-02 1.402317e-02 1.491466e-03 1.759716e-04 6.939365e-04 -4.360750e-04
C4 1.335376e-02 1.402317e-02 1.491466e-03 -1.759732e-04 6.939365e-04 4.360731e-04
C5 1.436471e-02 1.403122e-02 1.493326e-03 1.378348e-04 7.098123e-04 -8.576904e-04
C6 1.436471e-02 1.403122e-02 1.493326e-03 -1.378365e-04 7.098123e-04 8.576884e-04
C7 1.220738e-02 1.312119e-02 1.640808e-03 -2.988562e-04 7.586966e-04 -1.184480e-03
C8 1.220738e-02 1.312119e-02 1.640808e-03 2.988546e-04 7.586965e-04 1.184478e-03
C9 1.254452e-02 1.442364e-02 1.491022e-03 -2.835473e-04 2.840514e-04 -3.217940e-04
C10 1.254452e-02 1.442364e-02 1.491022e-03 2.835457e-04 2.840514e-04 3.217923e-04
N1 1.452016e-02 1.549914e-02 1.671497e-03 2.428651e-05 5.148863e-04 -3.428733e-03
N2 1.452016e-02 1.549914e-02 1.671497e-03 -2.428828e-05 5.148860e-04 3.428731e-03

190 K
beta_11 beta_22 beta_33 beta_23 beta_13 beta_12
Cl1 1.812487e-02 2.561714e-02 2.019823e-03 -7.108025e-04 -1.130956e-03 -2.529067e-03
Cl2 1.812487e-02 2.561714e-02 2.019823e-03 7.108000e-04 -1.130957e-03 2.529065e-03
Cl3 2.419798e-02 2.270620e-02 2.034135e-03 2.163195e-03 9.188792e-04 -1.041430e-03
Cl4 2.419798e-02 2.270620e-02 2.034136e-03 -2.163197e-03 9.188792e-04 1.041427e-03
Cl5 1.633275e-02 1.702709e-02 2.781747e-03 -7.999926e-04 1.713397e-03 -4.755357e-03
Cl6 1.633275e-02 1.702709e-02 2.781747e-03 7.999903e-04 1.713396e-03 4.755354e-03
Cl7 1.770781e-02 2.774031e-02 2.011099e-03 -2.486627e-04 -1.240720e-03 -1.182035e-03
Cl8 1.770781e-02 2.774031e-02 2.011099e-03 2.486600e-04 -1.240721e-03 1.182033e-03
Cl9 2.564906e-02 2.098131e-02 2.014521e-03 1.781307e-03 1.390194e-03 -1.365014e-03
Cl10 2.564906e-02 2.098131e-02 2.014521e-03 -1.781310e-03 1.390194e-03 1.365011e-03
C1 1.354554e-02 1.583152e-02 1.565413e-03 -2.931361e-04 3.240856e-04 -1.314635e-03
C2 1.354554e-02 1.583152e-02 1.565413e-03 2.931344e-04 3.240855e-04 1.314633e-03
C3 1.402029e-02 1.471869e-02 1.565770e-03 1.816106e-04 7.324098e-04 -4.433527e-04
C4 1.402029e-02 1.471869e-02 1.565770e-03 -1.816123e-04 7.324098e-04 4.433507e-04
C5 1.508871e-02 1.472967e-02 1.567808e-03 1.419546e-04 7.485810e-04 -8.912651e-04
C6 1.508871e-02 1.472967e-02 1.567808e-03 -1.419563e-04 7.485809e-04 8.912631e-04
C7 1.281124e-02 1.376839e-02 1.723528e-03 -3.193106e-04 8.006993e-04 -1.235371e-03
C8 1.281124e-02 1.376839e-02 1.723528e-03 3.193089e-04 8.006992e-04 1.235369e-03
C9 1.316597e-02 1.514186e-02 1.565266e-03 -3.032660e-04 2.996541e-04 -3.233128e-04
C10 1.316597e-02 1.514186e-02 1.565266e-03 3.032643e-04 2.996540e-04 3.233110e-04
N1 1.525057e-02 1.627519e-02 1.756564e-03 2.133188e-05 5.439942e-04 -3.608467e-03
N2 1.525057e-02 1.627519e-02 1.756564e-03 -2.133374e-05 5.439939e-04 3.608465e-03

200 K
beta_11 beta_22 beta_33 beta_23 beta_13 beta_12
Cl1 1.904034e-02 2.692179e-02 2.121401e-03 -7.481061e-04 -1.191608e-03 -2.661116e-03
Cl2 1.904034e-02 2.692179e-02 2.121401e-03 7.481034e-04 -1.191608e-03 2.661113e-03
Cl3 2.542952e-02 2.386003e-02 2.136469e-03 2.275914e-03 9.650311e-04 -1.095358e-03
Cl4 2.542952e-02 2.386003e-02 2.136469e-03 -2.275917e-03 9.650311e-04 1.095355e-03
Cl5 1.715387e-02 1.788294e-02 2.922995e-03 -8.423425e-04 1.801367e-03 -5.002052e-03
Cl6 1.715387e-02 1.788294e-02 2.922995e-03 8.423400e-04 1.801366e-03 5.002050e-03
Cl7 1.860146e-02 2.915697e-02 2.112237e-03 -2.619393e-04 -1.307035e-03 -1.243738e-03
Cl8 1.860146e-02 2.915697e-02 2.112237e-03 2.619364e-04 -1.307035e-03 1.243736e-03
Cl9 2.695717e-02 2.204509e-02 2.115747e-03 1.873806e-03 1.460881e-03 -1.436329e-03
Cl10 2.695717e-02 2.204509e-02 2.115747e-03 -1.873809e-03 1.460881e-03 1.436325e-03
C1 1.418980e-02 1.658927e-02 1.639925e-03 -3.117938e-04 3.405457e-04 -1.371781e-03
C2 1.418980e-02 1.658927e-02 1.639925e-03 3.117919e-04 3.405456e-04 1.371779e-03
C3 1.468868e-02 1.541641e-02 1.640164e-03 1.875065e-04 7.706758e-04 -4.519297e-04
C4 1.468868e-02 1.541641e-02 1.640164e-03 -1.875083e-04 7.706758e-04 4.519277e-04
C5 1.581411e-02 1.542958e-02 1.642381e-03 1.460747e-04 7.873910e-04 -9.255502e-04
C6 1.581411e-02 1.542958e-02 1.642381e-03 -1.460765e-04 7.873910e-04 9.255480e-04
C7 1.341603e-02 1.441778e-02 1.806338e-03 -3.397646e-04 8.422468e-04 -1.286973e-03
C8 1.341603e-02 1.441778e-02 1.806338e-03 3.397628e-04 8.422467e-04 1.286971e-03
C9 1.378929e-02 1.586227e-02 1.639690e-03 -3.229843e-04 3.150918e-04 -3.255418e-04
C10 1.378929e-02 1.586227e-02 1.639690e-03 3.229825e-04 3.150918e-04 3.255400e-04
N1 1.598218e-02 1.705418e-02 1.841899e-03 1.863420e-05 5.729799e-04 -3.789500e-03
N2 1.598218e-02 1.705418e-02 1.841899e-03 -1.863615e-05 5.729796e-04 3.789498e-03

210 K
beta_11 beta_22 beta_33 beta_23 beta_13 beta_12
Cl1 1.995720e-02 2.822864e-02 2.223070e-03 -7.854096e-04 -1.252217e-03 -2.793164e-03
Cl2 1.995720e-02 2.822864e-02 2.223070e-03 7.854068e-04 -1.252217e-03 2.793162e-03
Cl3 2.666316e-02 2.501606e-02 2.238981e-03 2.388634e-03 1.011266e-03 -1.149995e-03
Cl4 2.666316e-02 2.501606e-02 2.238982e-03 -2.388637e-03 1.011266e-03 1.149992e-03
Cl5 1.797642e-02 1.874100e-02 3.064422e-03 -8.844358e-04 1.889421e-03 -5.249337e-03
Cl6 1.797641e-02 1.874100e-02 3.064422e-03 8.844333e-04 1.889420e-03 5.249335e-03
Cl7 1.949630e-02 3.057584e-02 2.213555e-03 -2.749603e-04 -1.373514e-03 -1.304610e-03
Cl8 1.949630e-02 3.057584e-02 2.213555e-03 2.749573e-04 -1.373515e-03 1.304608e-03
Cl9 2.826692e-02 2.310960e-02 2.217152e-03 1.966561e-03 1.531900e-03 -1.507522e-03
Cl10 2.826692e-02 2.310960e-02 2.217152e-03 -1.966564e-03 1.531900e-03 1.507518e-03
C1 1.483523e-02 1.734849e-02 1.714527e-03 -3.304514e-04 3.567991e-04 -1.428927e-03
C2 1.483523e-02 1.734849e-02 1.714527e-03 3.304495e-04 3.567990e-04 1.428925e-03
C3 1.535753e-02 1.611559e-02 1.714647e-03 1.936589e-04 8.087354e-04 -4.610958e-04
C4 1.535753e-02 1.611559e-02 1.714647e-03 -1.936608e-04 8.087354e-04 4.610937e-04
C5 1.654093e-02 1.613169e-02 1.717132e-03 1.504514e-04 8.262850e-04 -9.604243e-04
C6 1.654093e-02 1.613169e-02 1.717132e-03 -1.504533e-04 8.262849e-04 9.604220e-04
C7 1.402293e-02 1.506865e-02 1.889328e-03 -3.597061e-04 8.838778e-04 -1.339042e-03
C8 1.402293e-02 1.506865e-02 1.889328e-03 3.597042e-04 8.838777e-04 1.339040e-03
C9 1.441332e-02 1.658415e-02 1.714204e-03 -3.424461e-04 3.305715e-04 -3.283600e-04
C10 1.441332e-02 1.658415e-02 1.714204e-03 3.427002e-04 3.305715e-04 3.284792e-04
N1 1.671634e-02 1.783536e-02 1.927325e-03 1.619302e-05 6.017580e-04 -3.971122e-03
N2 1.671634e-02 1.783536e-02 1.927325e-03 -1.619506e-05 6.017577e-04 3.971120e-03

220 K
beta_11 beta_22 beta_33 beta_23 beta_13 beta_12
Cl1 2.087525e-02 2.953768e-02 2.324918e-03 -8.227131e-04 -1.312991e-03 -2.925212e-03
Cl2 2.087525e-02 2.953768e-02 2.324917e-03 8.227102e-04 -1.312992e-03 2.925210e-03
Cl3 2.789822e-02 2.617282e-02 2.341673e-03 2.501610e-03 1.057586e-03 -1.204512e-03
Cl4 2.789822e-02 2.617282e-02 2.341673e-03 -2.501613e-03 1.057586e-03 1.204508e-03
Cl5 1.880016e-02 1.960052e-02 3.206118e-03 -9.267852e-04 1.977353e-03 -5.496743e-03
Cl6 1.880016e-02 1.960051e-02 3.206118e-03 9.267825e-04 1.977352e-03 5.496741e-03
Cl7 2.039253e-02 3.199616e-02 2.314962e-03 -2.879808e-04 -1.439952e-03 -1.366193e-03
Cl8 2.039253e-02 3.199616e-02 2.314962e-03 2.879777e-04 -1.439952e-03 1.366190e-03
Cl9 2.957855e-02 2.417631e-02 2.318736e-03 2.059317e-03 1.602754e-03 -1.579426e-03
Cl10 2.957855e-02 2.417631e-02 2.318736e-03 -2.059320e-03 1.602754e-03 1.579422e-03
C1 1.548182e-02 1.810917e-02 1.789219e-03 -3.488530e-04 3.728456e-04 -1.485951e-03
C2 1.548182e-02 1.810917e-02 1.789219e-03 3.488510e-04 3.728455e-04 1.485949e-03
C3 1.602850e-02 1.681697e-02 1.789310e-03 1.998118e-04 8.468785e-04 -4.709723e-04
C4 1.602850e-02 1.681697e-02 1.789310e-03 -1.998137e-04 8.468784e-04 4.709700e-04
C5 1.726960e-02 1.683381e-02 1.791973e-03 1.550841e-04 8.649716e-04 -9.951772e-04
C6 1.726959e-02 1.683381e-02 1.791973e-03 -1.550861e-04 8.649715e-04 9.951749e-04
C7 1.463054e-02 1.572024e-02 1.972407e-03 -3.796476e-04 9.255507e-04 -1.391112e-03
C8 1.463054e-02 1.572024e-02 1.972407e-03 3.796456e-04 9.255505e-04 1.391110e-03
C9 1.503922e-02 1.730749e-02 1.788897e-03 -3.619074e-04 3.458863e-04 -3.318884e-04
C10 1.503922e-02 1.730749e-02 1.788897e-03 3.619055e-04 3.458863e-04 3.318863e-04
N1 1.745165e-02 1.861800e-02 2.012840e-03 1.375230e-05 6.303292e-04 -4.153454e-03
N2 1.745165e-02 1.861800e-02 2.012840e-03 -1.375443e-05 6.303289e-04 4.153452e-03

230 K
beta_11 beta_22 beta_33 beta_23 beta_13 beta_12
Cl1 2.179471e-02 3.084746e-02 2.426944e-03 -8.600162e-04 -1.373682e-03 -3.057971e-03
Cl2 2.179471e-02 3.084745e-02 2.426944e-03 8.600131e-04 -1.373682e-03 3.057969e-03
Cl3 2.913537e-02 2.733105e-02 2.444454e-03 2.614586e-03 1.103946e-03 -1.258318e-03
Cl4 2.913537e-02 2.733105e-02 2.444455e-03 -2.614589e-03 1.103946e-03 1.258314e-03
Cl5 1.962554e-02 2.046076e-02 3.347903e-03 -9.688786e-04 2.065575e-03 -5.744028e-03
Cl6 1.962554e-02 2.046076e-02 3.347903e-03 9.688758e-04 2.065574e-03 5.744025e-03
Cl7 2.129019e-02 3.341795e-02 2.416549e-03 -3.010013e-04 -1.506306e-03 -1.427775e-03
Cl8 2.129019e-02 3.341795e-02 2.416549e-03 3.009981e-04 -1.506306e-03 1.427772e-03
Cl9 3.089182e-02 2.524375e-02 2.420409e-03 2.152328e-03 1.673897e-03 -1.650498e-03
Cl10 3.089182e-02 2.524375e-02 2.420410e-03 -2.152331e-03 1.673897e-03 1.650494e-03
C1 1.613007e-02 1.887205e-02 1.864090e-03 -3.669977e-04 3.892242e-04 -1.544275e-03
C2 1.613007e-02 1.887205e-02 1.864090e-03 3.669956e-04 3.892241e-04 1.544273e-03
C3 1.670065e-02 1.751908e-02 1.864152e-03 2.062207e-04 8.848570e-04 -4.807275e-04
C4 1.670065e-02 1.751908e-02 1.864152e-03 -2.062227e-04 8.848570e-04 4.807251e-04
C5 1.799805e-02 1.753811e-02 1.866904e-03 1.597178e-04 9.034523e-04 -1.031351e-03
C6 1.799805e-02 1.753811e-02 1.866904e-03 -1.597198e-04 9.034522e-04 1.031348e-03
C7 1.523931e-02 1.637330e-02 2.055576e-03 -3.995881e-04 9.670167e-04 -1.444602e-03
C8 1.523931e-02 1.637330e-02 2.055576e-03 3.995861e-04 9.670166e-04 1.444600e-03
C9 1.566627e-02 1.803230e-02 1.863590e-03 -3.811122e-04 3.609519e-04 -3.360058e-04
C10 1.566627e-02 1.803230e-02 1.863590e-03 3.811102e-04 3.609519e-04 3.360037e-04
N1 1.818839e-02 1.940284e-02 2.098534e-03 1.156808e-05 6.589843e-04 -4.336375e-03
N2 1.818839e-02 1.940284e-02 2.098534e-03 -1.157030e-05 6.589839e-04 4.336373e-03

240 K
beta_11 beta_22 beta_33 beta_23 beta_13 beta_12
Cl1 2.271489e-02 3.215870e-02 2.529061e-03 -8.973197e-04 -1.434330e-03 -3.190020e-03
Cl2 2.271489e-02 3.215870e-02 2.529061e-03 8.973165e-04 -1.434330e-03 3.190017e-03
Cl3 3.037325e-02 2.849074e-02 2.547415e-03 2.727562e-03 1.150390e-03 -1.312835e-03
Cl4 3.037325e-02 2.849074e-02 2.547415e-03 -2.727565e-03 1.150390e-03 1.312831e-03
Cl5 2.045163e-02 2.132175e-02 3.489777e-03 -1.011228e-03 2.153838e-03 -5.992145e-03
Cl6 2.045163e-02 2.132175e-02 3.489777e-03 1.011225e-03 2.153838e-03 5.992142e-03
Cl7 2.218857e-02 3.484048e-02 2.518314e-03 -3.142779e-04 -1.572576e-03 -1.489479e-03
Cl8 2.218857e-02 3.484048e-02 2.518314e-03 3.142745e-04 -1.572576e-03 1.489476e-03
Cl9 3.220558e-02 2.631266e-02 2.522262e-03 2.245339e-03 1.744877e-03 -1.721570e-03
Cl10 3.220558e-02 2.631266e-02 2.522263e-03 -2.245342e-03 1.744877e-03 1.721566e-03
C1 1.677855e-02 1.963492e-02 1.939051e-03 -3.853983e-04 4.051482e-04 -1.602720e-03
C2 1.677855e-02 1.963492e-02 1.939051e-03 3.853962e-04 4.051481e-04 1.602718e-03
C3 1.737348e-02 1.822265e-02 1.938994e-03 2.128865e-04 9.228351e-04 -4.917821e-04
C4 1.737348e-02 1.822265e-02 1.938994e-03 -2.128886e-04 9.228351e-04 4.917796e-04
C5 1.872859e-02 1.824315e-02 1.941925e-03 1.646074e-04 9.419741e-04 -1.067403e-03
C6 1.872859e-02 1.824315e-02 1.941925e-03 -1.646095e-04 9.419740e-04 1.067400e-03
C7 1.584924e-02 1.702782e-02 2.138835e-03 -4.192726e-04 1.008276e-03 -1.497971e-03
C8 1.584924e-02 1.702782e-02 2.138835e-03 4.192705e-04 1.008276e-03 1.497969e-03
C9 1.629404e-02 1.875784e-02 1.938462e-03 -4.000606e-04 3.761018e-04 -3.407124e-04
C10 1.629404e-02 1.875784e-02 1.938462e-03 4.000585e-04 3.761017e-04 3.407102e-04
N1 1.892698e-02 2.018841e-02 2.184318e-03 9.639870e-06 6.874321e-04 -4.519176e-03
N2 1.892698e-02 2.018841e-02 2.184318e-03 -9.642181e-06 6.874317e-04 4.519173e-03

250 K
beta_11 beta_22 beta_33 beta_23 beta_13 beta_12
Cl1 2.363646e-02 3.347140e-02 2.631267e-03 -9.346227e-04 -1.494937e-03 -3.322778e-03
Cl2 2.363646e-02 3.347140e-02 2.631266e-03 9.346194e-04 -1.494937e-03 3.322775e-03
Cl3 3.161184e-02 2.965116e-02 2.650464e-03 2.840538e-03 1.196877e-03 -1.368061e-03
Cl4 3.161184e-02 2.965116e-02 2.650465e-03 -2.840542e-03 1.196877e-03 1.368057e-03
Cl5 2.127892e-02 2.218419e-02 3.631921e-03 -1.053320e-03 2.241980e-03 -6.240140e-03
Cl6 2.127892e-02 2.218419e-02 3.631921e-03 1.053317e-03 2.241979e-03 6.240137e-03
Cl7 2.308810e-02 3.626447e-02 2.620080e-03 -3.272984e-04 -1.639095e-03 -1.551061e-03
Cl8 2.308810e-02 3.626447e-02 2.620080e-03 3.272949e-04 -1.639095e-03 1.551058e-03
Cl9 3.352097e-02 2.738230e-02 2.624204e-03 2.338351e-03 1.816147e-03 -1.793352e-03
Cl10 3.352097e-02 2.738230e-02 2.624205e-03 -2.338354e-03 1.816147e-03 1.793348e-03
C1 1.742775e-02 2.040000e-02 2.014101e-03 -4.035425e-04 4.211141e-04 -1.661755e-03
C2 1.742775e-02 2.040000e-02 2.014101e-03 4.035403e-04 4.211140e-04 1.661752e-03
C3 1.804748e-02 1.892696e-02 2.013926e-03 2.195524e-04 9.606064e-04 -5.028366e-04
C4 1.804748e-02 1.892696e-02 2.013927e-03 -2.195546e-04 9.606064e-04 5.028341e-04
C5 1.945986e-02 1.894965e-02 2.017125e-03 1.694975e-04 9.805801e-04 -1.104166e-03
C6 1.945986e-02 1.894965e-02 2.017125e-03 -1.694997e-04 9.805800e-04 1.104163e-03
C7 1.646012e-02 1.768381e-02 2.222183e-03 -4.389562e-04 1.049825e-03 -1.552760e-03
C8 1.646012e-02 1.768380e-02 2.222183e-03 4.389541e-04 1.049825e-03 1.552758e-03
C9 1.692298e-02 1.948557e-02 2.013425e-03 -4.190089e-04 3.910448e-04 -3.454190e-04
C10 1.692298e-02 1.948557e-02 2.013425e-03 4.190067e-04 3.910448e-04 3.454167e-04
N1 1.966604e-02 2.097618e-02 2.270192e-03 7.712132e-06 7.156735e-04 -4.702686e-03
N2 1.966604e-02 2.097618e-02 2.270192e-03 -7.714533e-06 7.156731e-04 4.702683e-03

260 K
beta_11 beta_22 beta_33 beta_23 beta_13 beta_12
Cl1 2.455853e-02 3.478411e-02 2.733652e-03 -9.721823e-04 -1.555708e-03 -3.454948e-03
Cl2 2.455853e-02 3.478410e-02 2.733652e-03 9.721789e-04 -1.555708e-03 3.454945e-03
Cl3 3.285183e-02 3.081231e-02 2.753604e-03 2.953771e-03 1.243404e-03 -1.422457e-03
Cl4 3.285183e-02 3.081231e-02 2.753604e-03 -2.953774e-03 1.243404e-03 1.422452e-03
Cl5 2.210644e-02 2.304737e-02 3.774064e-03 -1.095413e-03 2.330370e-03 -6.488135e-03
Cl6 2.210644e-02 2.304737e-02 3.774064e-03 1.095410e-03 2.330369e-03 6.488132e-03
Cl7 2.398835e-02 3.768992e-02 2.722025e-03 -3.403189e-04 -1.705529e-03 -1.612643e-03
Cl8 2.398835e-02 3.768992e-02 2.722025e-03 3.403153e-04 -1.705529e-03 1.612640e-03
Cl9 3.483683e-02 2.845340e-02 2.726236e-03 2.431363e-03 1.887210e-03 -1.865135e-03
Cl10 3.483707e-02 2.845340e-02 2.726236e-03 -2.431366e-03 1.887458e-03 1.865130e-03
C1 1.807832e-02 2.116507e-02 2.089152e-03 -4.214302e-04 4.370791e-04 -1.721378e-03
C2 1.807832e-02 2.116507e-02 2.089152e-03 4.214279e-04 4.370790e-04 1.721376e-03
C3 1.872219e-02 1.963273e-02 2.088948e-03 2.262192e-04 9.984197e-04 -5.153118e-04
C4 1.872219e-02 1.963273e-02 2.088948e-03 -2.262214e-04 9.984196e-04 5.153091e-04
C5 2.019158e-02 1.965689e-02 2.092325e-03 1.746437e-04 1.018937e-03 -1.140807e-03
C6 2.019158e-02 1.965689e-02 2.092325e-03 -1.746459e-04 1.018937e-03 1.140804e-03
C7 1.707123e-02 1.834052e-02 2.305621e-03 -4.583842e-04 1.090920e-03 -1.606718e-03
C8 1.707123e-02 1.834052e-02 2.305621e-03 4.583820e-04 1.090920e-03 1.606716e-03
C9 1.755263e-02 2.021331e-02 2.088476e-03 -4.379563e-04 4.060298e-04 -3.515461e-04
C10 1.755263e-02 2.021330e-02 2.088476e-03 4.379540e-04 4.060298e-04 3.515437e-04
N1 2.040650e-02 2.176542e-02 2.356155e-03 6.040882e-06 7.439563e-04 -4.886786e-03
N2 2.040650e-02 2.176541e-02 2.356155e-03 -6.043375e-06 7.439559e-04 4.886783e-03

270 K
beta_11 beta_22 beta_33 beta_23 beta_13 beta_12
Cl1 2.548128e-02 3.609901e-02 2.836037e-03 -1.009485e-03 -1.616479e-03 -3.587707e-03
Cl2 2.548128e-02 3.609900e-02 2.836037e-03 1.009482e-03 -1.616480e-03 3.587704e-03
Cl3 3.409250e-02 3.197493e-02 2.856743e-03 3.067003e-03 1.289932e-03 -1.476852e-03
Cl4 3.409250e-02 3.197493e-02 2.856744e-03 -3.067006e-03 1.289932e-03 1.476847e-03
Cl5 2.293515e-02 2.391201e-02 3.916386e-03 -1.137762e-03 2.418595e-03 -6.736962e-03
Cl6 2.293515e-02 2.391201e-02 3.916386e-03 1.137759e-03 2.418595e-03 6.736958e-03
Cl7 2.488932e-02 3.911537e-02 2.824059e-03 -3.535955e-04 -1.771922e-03 -1.674347e-03
Cl8 2.488932e-02 3.911537e-02 2.824059e-03 3.535917e-04 -1.771922e-03 1.674344e-03
Cl9 3.615366e-02 2.952450e-02 2.828447e-03 2.524374e-03 1.958605e-03 -1.936207e-03
Cl10 3.615366e-02 2.952450e-02 2.828447e-03 -2.524377e-03 1.958605e-03 1.936202e-03
C1 1.872938e-02 2.193161e-02 2.164382e-03 -4.395739e-04 4.528801e-04 -1.781123e-03
C2 1.872938e-02 2.193161e-02 2.164382e-03 4.395715e-04 4.528800e-04 1.781120e-03
C3 1.939832e-02 2.033923e-02 2.164149e-03 2.331415e-04 1.036317e-03 -5.269554e-04
C4 1.939832e-02 2.033923e-02 2.164149e-03 -2.331439e-04 1.036317e-03 5.269527e-04
C5 2.092494e-02 2.036559e-02 2.167614e-03 1.797903e-04 1.057584e-03 -1.178159e-03
C6 2.092494e-02 2.036559e-02 2.167614e-03 -1.797926e-04 1.057584e-03 1.178156e-03
C7 1.768400e-02 1.899797e-02 2.389238e-03 -4.778113e-04 1.132347e-03 -1.662097e-03
C8 1.768400e-02 1.899797e-02 2.389238e-03 4.778090e-04 1.132347e-03 1.662094e-03
C9 1.818342e-02 2.094250e-02 2.163528e-03 -4.566477e-04 4.207656e-04 -3.575520e-04
C10 1.818342e-02 2.094250e-02 2.163528e-03 4.566453e-04 4.207655e-04 3.575496e-04
N1 2.114836e-02 2.255538e-02 2.442208e-03 4.370101e-06 7.722807e-04 -5.071595e-03
N2 2.114836e-02 2.255538e-02 2.442208e-03 -4.372685e-06 7.722803e-04 5.071593e-03

280 K
beta_11 beta_22 beta_33 beta_23 beta_13 beta_12
Cl1 2.640477e-02 3.741391e-02 2.938601e-03 -1.046789e-03 -1.677166e-03 -3.719755e-03
Cl2 2.640477e-02 3.741391e-02 2.938601e-03 1.046785e-03 -1.677167e-03 3.719752e-03
Cl3 3.533391e-02 3.313755e-02 2.960061e-03 3.180235e-03 1.336543e-03 -1.531247e-03
Cl4 3.533391e-02 3.313755e-02 2.960062e-03 -3.180238e-03 1.336543e-03 1.531242e-03
Cl5 2.376388e-02 2.477666e-02 4.058798e-03 -1.179855e-03 2.506863e-03 -6.984957e-03
Cl6 2.376388e-02 2.477665e-02 4.058798e-03 1.179851e-03 2.506863e-03 6.984953e-03
Cl7 2.579097e-02 4.054229e-02 2.926093e-03 -3.666160e-04 -1.838315e-03 -1.735929e-03
Cl8 2.579097e-02 4.054229e-02 2.926093e-03 3.666121e-04 -1.838315e-03 1.735926e-03
Cl9 3.747187e-02 3.059707e-02 2.930657e-03 2.617641e-03 2.030000e-03 -2.007868e-03
Cl10 3.747187e-02 3.059707e-02 2.930658e-03 -2.617645e-03 2.030000e-03 2.007863e-03
C1 1.938114e-02 2.269961e-02 2.239611e-03 -4.574616e-04 4.686807e-04 -1.840746e-03
C2 1.938114e-02 2.269961e-02 2.239611e-03 4.574591e-04 4.686805e-04 1.840743e-03
C3 2.007490e-02 2.104720e-02 2.239350e-03 2.403208e-04 1.073965e-03 -5.398984e-04
C4 2.007490e-02 2.104720e-02 2.239350e-03 -2.403233e-04 1.073965e-03 5.398956e-04
C5 2.165808e-02 2.107429e-02 2.242993e-03 1.849369e-04 1.096026e-03 -1.215510e-03
C6 2.165808e-02 2.107429e-02 2.242993e-03 -1.849393e-04 1.096026e-03 1.215507e-03
C7 1.829723e-02 1.965616e-02 2.472855e-03 -4.969824e-04 1.173525e-03 -1.717354e-03
C8 1.829723e-02 1.965616e-02 2.472855e-03 4.969800e-04 1.173525e-03 1.717352e-03
C9 1.881494e-02 2.167317e-02 2.238759e-03 -4.750830e-04 4.355857e-04 -3.634368e-04
C10 1.881494e-02 2.167317e-02 2.238759e-03 4.750806e-04 4.355856e-04 3.634343e-04
N1 2.189069e-02 2.334608e-02 2.528351e-03 2.954872e-06 8.003986e-04 -5.255574e-03
N2 2.189069e-02 2.334608e-02 2.528351e-03 -2.957546e-06 8.003982e-04 5.255571e-03

290 K
beta_11 beta_22 beta_33 beta_23 beta_13 beta_12
Cl1 2.732894e-02 3.872954e-02 3.041166e-03 -1.084092e-03 -1.737854e-03 -3.852514e-03
Cl2 2.732894e-02 3.872954e-02 3.041166e-03 1.084088e-03 -1.737854e-03 3.852510e-03
Cl3 3.657602e-02 3.430163e-02 3.063469e-03 3.293467e-03 1.383197e-03 -1.585642e-03
Cl4 3.657602e-02 3.430163e-02 3.063470e-03 -3.293470e-03 1.383197e-03 1.585638e-03
Cl5 2.459422e-02 2.564203e-02 4.201210e-03 -1.221947e-03 2.595378e-03 -7.233662e-03
Cl6 2.459422e-02 2.564203e-02 4.201210e-03 1.221944e-03 2.595378e-03 7.233659e-03
Cl7 2.669312e-02 4.196994e-02 3.028307e-03 -3.796365e-04 -1.904872e-03 -1.797511e-03
Cl8 2.669312e-02 4.196993e-02 3.028307e-03 3.796325e-04 -1.904872e-03 1.797508e-03
Cl9 3.878987e-02 3.166963e-02 3.032958e-03 2.710653e-03 2.101189e-03 -2.079651e-03
Cl10 3.878986e-02 3.166964e-02 3.032958e-03 -2.710657e-03 2.101189e-03 2.079646e-03
C1 2.003360e-02 2.346761e-02 2.314931e-03 -4.753489e-04 4.845231e-04 -1.901079e-03
C2 2.003360e-02 2.346761e-02 2.314931e-03 4.753463e-04 4.845230e-04 1.901077e-03
C3 2.075196e-02 2.175590e-02 2.314640e-03 2.472441e-04 1.111407e-03 -5.529627e-04
C4 2.075196e-02 2.175590e-02 2.314640e-03 -2.472466e-04 1.111407e-03 5.529597e-04
C5 2.239239e-02 2.178445e-02 2.318462e-03 1.903400e-04 1.134260e-03 -1.253451e-03
C6 2.239239e-02 2.178445e-02 2.318462e-03 -1.903425e-04 1.134260e-03 1.253448e-03
C7 1.891091e-02 2.031507e-02 2.556473e-03 -5.161535e-04 1.214455e-03 -1.772612e-03
C8 1.891091e-02 2.031507e-02 2.556473e-03 5.161510e-04 1.214455e-03 1.772609e-03
C9 1.944715e-02 2.240383e-02 2.313991e-03 -4.937740e-04 4.504053e-04 -3.701530e-04
C10 1.944715e-02 2.240383e-02 2.313990e-03 4.937714e-04 4.504052e-04 3.701504e-04
N1 2.263373e-02 2.413824e-02 2.614583e-03 1.284091e-06 8.285585e-04 -5.440384e-03
N2 2.263373e-02 2.413824e-02 2.614583e-03 -1.286856e-06 8.285581e-04 5.440380e-03

300 K
beta_11 beta_22 beta_33 beta_23 beta_13 beta_12
Cl1 2.825383e-02 4.004590e-02 3.143820e-03 -1.121395e-03 -1.798499e-03 -3.985272e-03
Cl2 2.825383e-02 4.004590e-02 3.143819e-03 1.121391e-03 -1.798500e-03 3.985269e-03
Cl3 3.781882e-02 3.546571e-02 3.166877e-03 3.406699e-03 1.429850e-03 -1.640748e-03
Cl4 3.781882e-02 3.546572e-02 3.166878e-03 -3.406703e-03 1.429850e-03 1.640743e-03
Cl5 2.542437e-02 2.650741e-02 4.343801e-03 -1.264296e-03 2.683730e-03 -7.481779e-03
Cl6 2.542437e-02 2.650740e-02 4.343801e-03 1.264292e-03 2.683729e-03 7.481775e-03
Cl7 2.759550e-02 4.339832e-02 3.130521e-03 -3.926566e-04 -1.971181e-03 -1.859804e-03
Cl8 2.759550e-02 4.339832e-02 3.130520e-03 3.926524e-04 -1.971181e-03 1.859801e-03
Cl9 4.010947e-02 3.274366e-02 3.135258e-03 2.803921e-03 2.172626e-03 -2.151312e-03
Cl10 4.010947e-02 3.274367e-02 3.135258e-03 -2.803924e-03 2.172625e-03 2.151307e-03
C1 2.068677e-02 2.423635e-02 2.390340e-03 -4.929801e-04 5.004075e-04 -1.961292e-03
C2 2.068677e-02 2.423634e-02 2.390339e-03 4.929774e-04 5.004074e-04 1.961289e-03
C3 2.142994e-02 2.246533e-02 2.389931e-03 2.544234e-04 1.149097e-03 -5.659057e-04
C4 2.142994e-02 2.246533e-02 2.389931e-03 -2.544260e-04 1.149097e-03 5.659027e-04
C5 2.312762e-02 2.249535e-02 2.393930e-03 1.957431e-04 1.172742e-03 -1.291392e-03
C6 2.312762e-02 2.249535e-02 2.393930e-03 -1.957457e-04 1.172742e-03 1.291389e-03
C7 1.952555e-02 2.097545e-02 2.640269e-03 -5.353241e-04 1.255717e-03 -1.828579e-03
C8 1.952555e-02 2.097545e-02 2.640269e-03 5.353215e-04 1.255717e-03 1.828576e-03
C9 2.008006e-02 2.313596e-02 2.389311e-03 -5.122084e-04 4.652668e-04 -3.774583e-04
C10 2.008006e-02 2.313596e-02 2.389311e-03 5.122058e-04 4.652668e-04 3.774556e-04
N1 2.337815e-02 2.493187e-02 2.700816e-03 1.258194e-07 8.567175e-04 -5.625661e-03
N2 2.337815e-02 2.493187e-02 2.700816e-03 -1.286755e-07 8.567171e-04 5.625658e-03

