Molecular-Toolbox 1.0.1
Code written and copyrighted by Janine George (2015-2016)
0 K
U_1 U_2 U_3
Cl1 2.893872e-03 5.691239e-03 6.854889e-03
Cl2 2.937103e-03 5.554804e-03 7.058093e-03
Cl3 2.834592e-03 5.328642e-03 5.616767e-03
Cl4 2.897484e-03 5.631487e-03 6.921029e-03
Cl5 2.942464e-03 5.631388e-03 6.946148e-03
Cl6 2.893872e-03 5.691239e-03 6.854889e-03
Cl7 2.937103e-03 5.554804e-03 7.058093e-03
Cl8 2.834592e-03 5.328642e-03 5.616767e-03
Cl9 2.897484e-03 5.631487e-03 6.921029e-03
Cl10 2.942464e-03 5.631388e-03 6.946148e-03
C1 3.285996e-03 3.737010e-03 5.456995e-03
C2 3.332034e-03 3.595577e-03 5.542389e-03
C3 3.329267e-03 3.705047e-03 5.455686e-03
C4 3.258139e-03 3.612319e-03 5.259542e-03
C5 3.303214e-03 3.638315e-03 5.478470e-03
C6 3.285996e-03 3.737010e-03 5.456995e-03
C7 3.332034e-03 3.595577e-03 5.542389e-03
C8 3.329267e-03 3.705047e-03 5.455686e-03
C9 3.258139e-03 3.612319e-03 5.259542e-03
C10 3.303214e-03 3.638315e-03 5.478470e-03
N1 3.482676e-03 3.615563e-03 6.721761e-03
N2 3.482676e-03 3.615563e-03 6.721761e-03
10 K
U_1 U_2 U_3
Cl1 3.009938e-03 5.895508e-03 7.024554e-03
Cl2 3.092743e-03 5.741206e-03 7.216051e-03
Cl3 2.988967e-03 5.509891e-03 5.771142e-03
Cl4 3.004107e-03 5.844043e-03 7.081851e-03
Cl5 3.111760e-03 5.784503e-03 7.103736e-03
Cl6 3.009938e-03 5.895508e-03 7.024554e-03
Cl7 3.092743e-03 5.741206e-03 7.216051e-03
Cl8 2.988967e-03 5.509891e-03 5.771142e-03
Cl9 3.004107e-03 5.844043e-03 7.081851e-03
Cl10 3.111760e-03 5.784503e-03 7.103736e-03
C1 3.401159e-03 3.907776e-03 5.591064e-03
C2 3.485615e-03 3.738388e-03 5.675997e-03
C3 3.492050e-03 3.832334e-03 5.585615e-03
C4 3.394766e-03 3.769499e-03 5.385735e-03
C5 3.426346e-03 3.813375e-03 5.600279e-03
C6 3.401159e-03 3.907776e-03 5.591064e-03
C7 3.485615e-03 3.738388e-03 5.675997e-03
C8 3.492050e-03 3.832334e-03 5.585615e-03
C9 3.394766e-03 3.769499e-03 5.385735e-03
C10 3.426346e-03 3.813375e-03 5.600279e-03
N1 3.615987e-03 3.768016e-03 6.855997e-03
N2 3.615987e-03 3.768016e-03 6.855997e-03
20 K
U_1 U_2 U_3
Cl1 3.440052e-03 6.762733e-03 7.667215e-03
Cl2 3.595646e-03 6.612435e-03 7.851919e-03
Cl3 3.447109e-03 6.156893e-03 6.555998e-03
Cl4 3.433111e-03 6.775925e-03 7.720965e-03
Cl5 3.612382e-03 6.561930e-03 7.735688e-03
Cl6 3.440052e-03 6.762733e-03 7.667215e-03
Cl7 3.595646e-03 6.612435e-03 7.851919e-03
Cl8 3.447109e-03 6.156893e-03 6.555998e-03
Cl9 3.433111e-03 6.775925e-03 7.720965e-03
Cl10 3.612382e-03 6.561930e-03 7.735688e-03
C1 3.837059e-03 4.476050e-03 6.036891e-03
C2 3.989820e-03 4.275941e-03 6.084239e-03
C3 3.990467e-03 4.323369e-03 6.026164e-03
C4 3.852164e-03 4.358680e-03 5.779155e-03
C5 3.849736e-03 4.423257e-03 6.007006e-03
C6 3.837059e-03 4.476050e-03 6.036891e-03
C7 3.989820e-03 4.275941e-03 6.084239e-03
C8 3.990467e-03 4.323369e-03 6.026164e-03
C9 3.852164e-03 4.358680e-03 5.779155e-03
C10 3.849736e-03 4.423257e-03 6.007006e-03
N1 4.065096e-03 4.299297e-03 7.345607e-03
N2 4.065096e-03 4.299297e-03 7.345607e-03
30 K
U_1 U_2 U_3
Cl1 4.044496e-03 8.065804e-03 8.729700e-03
Cl2 4.284394e-03 7.920434e-03 8.915172e-03
Cl3 4.089587e-03 6.917126e-03 7.903287e-03
Cl4 4.054067e-03 8.104505e-03 8.801429e-03
Cl5 4.303473e-03 7.759093e-03 8.807435e-03
Cl6 4.044496e-03 8.065804e-03 8.729700e-03
Cl7 4.284394e-03 7.920434e-03 8.915172e-03
Cl8 4.089587e-03 6.917126e-03 7.903287e-03
Cl9 4.054067e-03 8.104505e-03 8.801429e-03
Cl10 4.303473e-03 7.759093e-03 8.807435e-03
C1 4.446075e-03 5.274372e-03 6.689552e-03
C2 4.676755e-03 5.029676e-03 6.673569e-03
C3 4.685124e-03 5.039218e-03 6.665658e-03
C4 4.482272e-03 5.181162e-03 6.346565e-03
C5 4.452936e-03 5.263723e-03 6.583342e-03
C6 4.446075e-03 5.274372e-03 6.689552e-03
C7 4.676755e-03 5.029676e-03 6.673569e-03
C8 4.685124e-03 5.039218e-03 6.665658e-03
C9 4.482272e-03 5.181162e-03 6.346565e-03
C10 4.452936e-03 5.263723e-03 6.583342e-03
N1 4.686648e-03 5.071518e-03 8.081833e-03
N2 4.686648e-03 5.071518e-03 8.081833e-03
40 K
U_1 U_2 U_3
Cl1 4.741369e-03 9.553415e-03 1.007522e-02
Cl2 5.059387e-03 9.418119e-03 1.027249e-02
Cl3 4.806759e-03 7.842763e-03 9.450478e-03
Cl4 4.753627e-03 9.562373e-03 1.023400e-02
Cl5 5.081800e-03 9.144338e-03 1.016386e-02
Cl6 4.741369e-03 9.553415e-03 1.007522e-02
Cl7 5.059387e-03 9.418119e-03 1.027249e-02
Cl8 4.806759e-03 7.842763e-03 9.450478e-03
Cl9 4.753627e-03 9.562373e-03 1.023400e-02
Cl10 5.081800e-03 9.144338e-03 1.016386e-02
C1 5.144049e-03 6.173996e-03 7.451955e-03
C2 5.445100e-03 5.901650e-03 7.373249e-03
C3 5.457807e-03 5.865979e-03 7.416215e-03
C4 5.193509e-03 6.111425e-03 6.995066e-03
C5 5.148938e-03 6.201834e-03 7.259228e-03
C6 5.144049e-03 6.173996e-03 7.451955e-03
C7 5.445100e-03 5.901650e-03 7.373249e-03
C8 5.457807e-03 5.865979e-03 7.416215e-03
C9 5.193509e-03 6.111425e-03 6.995066e-03
C10 5.148938e-03 6.201834e-03 7.259228e-03
N1 5.387760e-03 5.946161e-03 8.936080e-03
N2 5.387760e-03 5.946161e-03 8.936080e-03
50 K
U_1 U_2 U_3
Cl1 5.481096e-03 1.113206e-02 1.160685e-02
Cl2 5.875668e-03 1.102072e-02 1.180361e-02
Cl3 5.563870e-03 8.892803e-03 1.109333e-02
Cl4 5.483525e-03 1.108220e-02 1.187427e-02
Cl5 5.907607e-03 1.064448e-02 1.170791e-02
Cl6 5.481096e-03 1.113206e-02 1.160685e-02
Cl7 5.875668e-03 1.102072e-02 1.180361e-02
Cl8 5.563870e-03 8.892803e-03 1.109333e-02
Cl9 5.483525e-03 1.108220e-02 1.187427e-02
Cl10 5.907607e-03 1.064448e-02 1.170791e-02
C1 5.878783e-03 7.119246e-03 8.281972e-03
C2 6.263074e-03 6.813014e-03 8.123911e-03
C3 6.269799e-03 6.751745e-03 8.238457e-03
C4 5.940313e-03 7.073159e-03 7.716528e-03
C5 5.885041e-03 7.194797e-03 7.990162e-03
C6 5.878783e-03 7.119246e-03 8.281972e-03
C7 6.263074e-03 6.813014e-03 8.123911e-03
C8 6.269799e-03 6.751745e-03 8.238457e-03
C9 5.940313e-03 7.073159e-03 7.716528e-03
C10 5.885041e-03 7.194797e-03 7.990162e-03
N1 6.129567e-03 6.879545e-03 9.890889e-03
N2 6.129567e-03 6.879545e-03 9.890889e-03
60 K
U_1 U_2 U_3
Cl1 6.244413e-03 1.276217e-02 1.326342e-02
Cl2 6.721509e-03 1.267941e-02 1.344908e-02
Cl3 6.341633e-03 1.002031e-02 1.278805e-02
Cl4 6.254627e-03 1.266291e-02 1.363247e-02
Cl5 6.745554e-03 1.219584e-02 1.334861e-02
Cl6 6.244413e-03 1.276217e-02 1.326342e-02
Cl7 6.721509e-03 1.267941e-02 1.344908e-02
Cl8 6.341633e-03 1.002031e-02 1.278805e-02
Cl9 6.254627e-03 1.266291e-02 1.363247e-02
Cl10 6.745554e-03 1.219584e-02 1.334861e-02
C1 6.647289e-03 8.099166e-03 9.163546e-03
C2 7.093095e-03 7.749353e-03 8.917551e-03
C3 7.111421e-03 7.658111e-03 9.110468e-03
C4 6.718175e-03 8.029054e-03 8.502772e-03
C5 6.645344e-03 8.218692e-03 8.755964e-03
C6 6.647289e-03 8.099166e-03 9.163546e-03
C7 7.093095e-03 7.749353e-03 8.917551e-03
C8 7.111421e-03 7.658111e-03 9.110468e-03
C9 6.718175e-03 8.029054e-03 8.502772e-03
C10 6.645344e-03 8.218692e-03 8.755964e-03
N1 6.899973e-03 7.836597e-03 1.092343e-02
N2 6.899973e-03 7.836597e-03 1.092343e-02
70 K
U_1 U_2 U_3
Cl1 7.018223e-03 1.443824e-02 1.498353e-02
Cl2 7.572220e-03 1.438683e-02 1.516095e-02
Cl3 7.138739e-03 1.119394e-02 1.451732e-02
Cl4 7.039761e-03 1.429379e-02 1.545645e-02
Cl5 7.608317e-03 1.380083e-02 1.507085e-02
Cl6 7.018223e-03 1.443824e-02 1.498353e-02
Cl7 7.572220e-03 1.438683e-02 1.516095e-02
Cl8 7.138739e-03 1.119394e-02 1.451732e-02
Cl9 7.039761e-03 1.429379e-02 1.545645e-02
Cl10 7.608317e-03 1.380083e-02 1.507085e-02
C1 7.417808e-03 9.090640e-03 1.008155e-02
C2 7.941667e-03 8.705228e-03 9.733104e-03
C3 7.963742e-03 8.581645e-03 1.000461e-02
C4 7.509225e-03 8.943258e-03 9.387517e-03
C5 7.412508e-03 9.255009e-03 9.552484e-03
C6 7.417808e-03 9.090640e-03 1.008155e-02
C7 7.941667e-03 8.705228e-03 9.733104e-03
C8 7.963742e-03 8.581645e-03 1.000461e-02
C9 7.509225e-03 8.943258e-03 9.387517e-03
C10 7.412508e-03 9.255009e-03 9.552484e-03
N1 7.680951e-03 8.814299e-03 1.199475e-02
N2 7.680951e-03 8.814299e-03 1.199475e-02
80 K
U_1 U_2 U_3
Cl1 7.798575e-03 1.614893e-02 1.675250e-02
Cl2 8.444223e-03 1.610306e-02 1.694271e-02
Cl3 7.945136e-03 1.241870e-02 1.627616e-02
Cl4 7.823694e-03 1.596743e-02 1.730888e-02
Cl5 8.480699e-03 1.543061e-02 1.683870e-02
Cl6 7.798575e-03 1.614893e-02 1.675250e-02
Cl7 8.444223e-03 1.610306e-02 1.694271e-02
Cl8 7.945136e-03 1.241870e-02 1.627616e-02
Cl9 7.823694e-03 1.596743e-02 1.730888e-02
Cl10 8.480699e-03 1.543061e-02 1.683870e-02
C1 8.206012e-03 1.009185e-02 1.102214e-02
C2 8.799816e-03 9.677262e-03 1.058292e-02
C3 8.825742e-03 9.513631e-03 1.093063e-02
C4 8.297116e-03 9.796084e-03 1.035680e-02
C5 8.189880e-03 1.028439e-02 1.038573e-02
C6 8.206012e-03 1.009185e-02 1.102214e-02
C7 8.799816e-03 9.677262e-03 1.058292e-02
C8 8.825742e-03 9.513631e-03 1.093063e-02
C9 8.297116e-03 9.796084e-03 1.035680e-02
C10 8.189880e-03 1.028439e-02 1.038573e-02
N1 8.472329e-03 9.810128e-03 1.309754e-02
N2 8.472329e-03 9.810128e-03 1.309754e-02
90 K
U_1 U_2 U_3
Cl1 8.602212e-03 1.788376e-02 1.854403e-02
Cl2 9.324664e-03 1.785431e-02 1.874102e-02
Cl3 8.753006e-03 1.367809e-02 1.805891e-02
Cl4 8.631326e-03 1.766671e-02 1.919196e-02
Cl5 9.362161e-03 1.708125e-02 1.863659e-02
Cl6 8.602212e-03 1.788376e-02 1.854403e-02
Cl7 9.324664e-03 1.785431e-02 1.874102e-02
Cl8 8.753006e-03 1.367809e-02 1.805891e-02
Cl9 8.631326e-03 1.766671e-02 1.919196e-02
Cl10 9.362161e-03 1.708125e-02 1.863659e-02
C1 8.997119e-03 1.109402e-02 1.199886e-02
C2 9.653622e-03 1.065075e-02 1.144563e-02
C3 9.689120e-03 1.045009e-02 1.188079e-02
C4 9.107599e-03 1.063827e-02 1.137413e-02
C5 8.981236e-03 1.117819e-02 1.138058e-02
C6 8.997119e-03 1.109402e-02 1.199886e-02
C7 9.653622e-03 1.065075e-02 1.144563e-02
C8 9.689120e-03 1.045009e-02 1.188079e-02
C9 9.107599e-03 1.063827e-02 1.137413e-02
C10 8.981236e-03 1.117819e-02 1.138058e-02
N1 9.263105e-03 1.080108e-02 1.424582e-02
N2 9.263105e-03 1.080108e-02 1.424582e-02
100 K
U_1 U_2 U_3
Cl1 9.408530e-03 1.964139e-02 2.037008e-02
Cl2 1.020001e-02 1.962524e-02 2.056475e-02
Cl3 9.570141e-03 1.495377e-02 1.984609e-02
Cl4 9.438264e-03 1.938755e-02 2.109418e-02
Cl5 1.025407e-02 1.875809e-02 2.046785e-02
Cl6 9.408530e-03 1.964139e-02 2.037008e-02
Cl7 1.020001e-02 1.962524e-02 2.056475e-02
Cl8 9.570141e-03 1.495377e-02 1.984609e-02
Cl9 9.438264e-03 1.938755e-02 2.109418e-02
Cl10 1.025407e-02 1.875809e-02 2.046785e-02
C1 9.784649e-03 1.208412e-02 1.299123e-02
C2 1.052366e-02 1.163003e-02 1.231630e-02
C3 1.056237e-02 1.140397e-02 1.283365e-02
C4 9.914952e-03 1.145979e-02 1.241526e-02
C5 9.782229e-03 1.203117e-02 1.243660e-02
C6 9.784649e-03 1.208412e-02 1.299123e-02
C7 1.052366e-02 1.163003e-02 1.231630e-02
C8 1.056237e-02 1.140397e-02 1.283365e-02
C9 9.914952e-03 1.145979e-02 1.241526e-02
C10 9.782229e-03 1.203117e-02 1.243660e-02
N1 1.006370e-02 1.180095e-02 1.540535e-02
N2 1.006370e-02 1.180095e-02 1.540535e-02
110 K
U_1 U_2 U_3
Cl1 1.021025e-02 2.140994e-02 2.220982e-02
Cl2 1.109606e-02 2.140241e-02 2.242152e-02
Cl3 1.040801e-02 1.625537e-02 2.164662e-02
Cl4 1.024581e-02 2.112774e-02 2.301645e-02
Cl5 1.113259e-02 2.044354e-02 2.231387e-02
Cl6 1.021025e-02 2.140994e-02 2.220982e-02
Cl7 1.109606e-02 2.140241e-02 2.242152e-02
Cl8 1.040801e-02 1.625537e-02 2.164662e-02
Cl9 1.024581e-02 2.112774e-02 2.301645e-02
Cl10 1.113259e-02 2.044354e-02 2.231387e-02
C1 1.059370e-02 1.308504e-02 1.400125e-02
C2 1.139274e-02 1.261205e-02 1.320521e-02
C3 1.143556e-02 1.233874e-02 1.381570e-02
C4 1.072504e-02 1.229209e-02 1.346286e-02
C5 1.058685e-02 1.288917e-02 1.350399e-02
C6 1.059370e-02 1.308504e-02 1.400125e-02
C7 1.139274e-02 1.261205e-02 1.320521e-02
C8 1.143556e-02 1.233874e-02 1.381570e-02
C9 1.072504e-02 1.229209e-02 1.346286e-02
C10 1.058685e-02 1.288917e-02 1.350399e-02
N1 1.086642e-02 1.281093e-02 1.659265e-02
N2 1.086642e-02 1.281093e-02 1.659265e-02
120 K
U_1 U_2 U_3
Cl1 1.102779e-02 2.319660e-02 2.406560e-02
Cl2 1.198839e-02 2.319249e-02 2.428912e-02
Cl3 1.123519e-02 1.756103e-02 2.346378e-02
Cl4 1.105935e-02 2.288355e-02 2.494710e-02
Cl5 1.203270e-02 2.215315e-02 2.416415e-02
Cl6 1.102779e-02 2.319660e-02 2.406560e-02
Cl7 1.198839e-02 2.319249e-02 2.428912e-02
Cl8 1.123519e-02 1.756103e-02 2.346378e-02
Cl9 1.105935e-02 2.288355e-02 2.494710e-02
Cl10 1.203270e-02 2.215315e-02 2.416415e-02
C1 1.139695e-02 1.407726e-02 1.501579e-02
C2 1.226417e-02 1.360559e-02 1.411023e-02
C3 1.231187e-02 1.330541e-02 1.480272e-02
C4 1.154014e-02 1.312985e-02 1.452001e-02
C5 1.138784e-02 1.375851e-02 1.457366e-02
C6 1.139695e-02 1.407726e-02 1.501579e-02
C7 1.226417e-02 1.360559e-02 1.411023e-02
C8 1.231187e-02 1.330541e-02 1.480272e-02
C9 1.154014e-02 1.312985e-02 1.452001e-02
C10 1.138784e-02 1.375851e-02 1.457366e-02
N1 1.167712e-02 1.382484e-02 1.778804e-02
N2 1.167712e-02 1.382484e-02 1.778804e-02
130 K
U_1 U_2 U_3
Cl1 1.184679e-02 2.498784e-02 2.593537e-02
Cl2 1.288558e-02 2.498965e-02 2.616477e-02
Cl3 1.207735e-02 1.888023e-02 2.529242e-02
Cl4 1.188420e-02 2.464656e-02 2.688923e-02
Cl5 1.293399e-02 2.385354e-02 2.603247e-02
Cl6 1.184679e-02 2.498784e-02 2.593537e-02
Cl7 1.288558e-02 2.498965e-02 2.616477e-02
Cl8 1.207735e-02 1.888023e-02 2.529242e-02
Cl9 1.188420e-02 2.464656e-02 2.688923e-02
Cl10 1.293399e-02 2.385354e-02 2.603247e-02
C1 1.220402e-02 1.508298e-02 1.605300e-02
C2 1.314697e-02 1.459993e-02 1.502310e-02
C3 1.319488e-02 1.425662e-02 1.578850e-02
C4 1.236166e-02 1.397823e-02 1.558011e-02
C5 1.219007e-02 1.463926e-02 1.565067e-02
C6 1.220402e-02 1.508298e-02 1.605300e-02
C7 1.314697e-02 1.459993e-02 1.502310e-02
C8 1.319488e-02 1.425662e-02 1.578850e-02
C9 1.236166e-02 1.397823e-02 1.558011e-02
C10 1.219007e-02 1.463926e-02 1.565067e-02
N1 1.249204e-02 1.483947e-02 1.900849e-02
N2 1.249204e-02 1.483947e-02 1.900849e-02
140 K
U_1 U_2 U_3
Cl1 1.266302e-02 2.679210e-02 2.780488e-02
Cl2 1.378547e-02 2.679646e-02 2.805807e-02
Cl3 1.291029e-02 2.021331e-02 2.711640e-02
Cl4 1.271415e-02 2.641599e-02 2.883986e-02
Cl5 1.384585e-02 2.557572e-02 2.791844e-02
Cl6 1.266302e-02 2.679210e-02 2.780488e-02
Cl7 1.378547e-02 2.679646e-02 2.805807e-02
Cl8 1.291029e-02 2.021331e-02 2.711640e-02
Cl9 1.271415e-02 2.641599e-02 2.883986e-02
Cl10 1.384585e-02 2.557572e-02 2.791844e-02
C1 1.300612e-02 1.608785e-02 1.709603e-02
C2 1.401871e-02 1.559898e-02 1.593231e-02
C3 1.408186e-02 1.521945e-02 1.679868e-02
C4 1.317685e-02 1.483008e-02 1.665307e-02
C5 1.299672e-02 1.552358e-02 1.671969e-02
C6 1.300612e-02 1.608785e-02 1.709603e-02
C7 1.401871e-02 1.559898e-02 1.593231e-02
C8 1.408186e-02 1.521945e-02 1.679868e-02
C9 1.317685e-02 1.483008e-02 1.665307e-02
C10 1.299672e-02 1.552358e-02 1.671969e-02
N1 1.330782e-02 1.585301e-02 2.022917e-02
N2 1.330782e-02 1.585301e-02 2.022917e-02
150 K
U_1 U_2 U_3
Cl1 1.348289e-02 2.860280e-02 2.968431e-02
Cl2 1.468879e-02 2.861027e-02 2.995094e-02
Cl3 1.375251e-02 2.155249e-02 2.896500e-02
Cl4 1.353818e-02 2.820097e-02 3.079085e-02
Cl5 1.474535e-02 2.729895e-02 2.979570e-02
Cl6 1.348289e-02 2.860280e-02 2.968431e-02
Cl7 1.468879e-02 2.861027e-02 2.995094e-02
Cl8 1.375251e-02 2.155249e-02 2.896500e-02
Cl9 1.353818e-02 2.820097e-02 3.079085e-02
Cl10 1.474535e-02 2.729895e-02 2.979570e-02
C1 1.381806e-02 1.707482e-02 1.814712e-02
C2 1.490080e-02 1.659188e-02 1.686731e-02
C3 1.495864e-02 1.617182e-02 1.779954e-02
C4 1.400643e-02 1.569007e-02 1.771351e-02
C5 1.380525e-02 1.642325e-02 1.780151e-02
C6 1.381806e-02 1.707482e-02 1.814712e-02
C7 1.490080e-02 1.659188e-02 1.686731e-02
C8 1.495864e-02 1.617182e-02 1.779954e-02
C9 1.400643e-02 1.569007e-02 1.771351e-02
C10 1.380525e-02 1.642325e-02 1.780151e-02
N1 1.412330e-02 1.687636e-02 2.147035e-02
N2 1.412330e-02 1.687636e-02 2.147035e-02
160 K
U_1 U_2 U_3
Cl1 1.432166e-02 3.040647e-02 3.157187e-02
Cl2 1.559775e-02 3.041855e-02 3.185370e-02
Cl3 1.459046e-02 2.289158e-02 3.079796e-02
Cl4 1.436538e-02 2.998548e-02 3.274914e-02
Cl5 1.566144e-02 2.901682e-02 3.170174e-02
Cl6 1.432166e-02 3.040647e-02 3.157187e-02
Cl7 1.559775e-02 3.041855e-02 3.185370e-02
Cl8 1.459046e-02 2.289158e-02 3.079796e-02
Cl9 1.436538e-02 2.998548e-02 3.274914e-02
Cl10 1.566144e-02 2.901682e-02 3.170174e-02
C1 1.463489e-02 1.808171e-02 1.920339e-02
C2 1.578303e-02 1.758338e-02 1.780359e-02
C3 1.585108e-02 1.713148e-02 1.881744e-02
C4 1.483263e-02 1.655806e-02 1.878930e-02
C5 1.461642e-02 1.732024e-02 1.888335e-02
C6 1.463489e-02 1.808171e-02 1.920339e-02
C7 1.578303e-02 1.758338e-02 1.780359e-02
C8 1.585108e-02 1.713148e-02 1.881744e-02
C9 1.483263e-02 1.655806e-02 1.878930e-02
C10 1.461642e-02 1.732024e-02 1.888335e-02
N1 1.494783e-02 1.789666e-02 2.270552e-02
N2 1.494783e-02 1.789666e-02 2.270552e-02
170 K
U_1 U_2 U_3
Cl1 1.515153e-02 3.222716e-02 3.346130e-02
Cl2 1.651107e-02 3.224236e-02 3.375657e-02
Cl3 1.544265e-02 2.423829e-02 3.264905e-02
Cl4 1.519954e-02 3.178076e-02 3.471970e-02
Cl5 1.657123e-02 3.075197e-02 3.359680e-02
Cl6 1.515153e-02 3.222716e-02 3.346130e-02
Cl7 1.651107e-02 3.224236e-02 3.375657e-02
Cl8 1.544265e-02 2.423829e-02 3.264905e-02
Cl9 1.519954e-02 3.178076e-02 3.471970e-02
Cl10 1.657123e-02 3.075197e-02 3.359680e-02
C1 1.544237e-02 1.908570e-02 2.026192e-02
C2 1.665915e-02 1.858286e-02 1.874799e-02
C3 1.674729e-02 1.810032e-02 1.983239e-02
C4 1.565573e-02 1.741648e-02 1.985779e-02
C5 1.543037e-02 1.822701e-02 1.996262e-02
C6 1.544237e-02 1.908570e-02 2.026192e-02
C7 1.665915e-02 1.858286e-02 1.874799e-02
C8 1.674729e-02 1.810032e-02 1.983239e-02
C9 1.565573e-02 1.741648e-02 1.985779e-02
C10 1.543037e-02 1.822701e-02 1.996262e-02
N1 1.577381e-02 1.892585e-02 2.396034e-02
N2 1.577381e-02 1.892585e-02 2.396034e-02
180 K
U_1 U_2 U_3
Cl1 1.598177e-02 3.404794e-02 3.536029e-02
Cl2 1.741918e-02 3.407709e-02 3.567373e-02
Cl3 1.628989e-02 2.559613e-02 3.449399e-02
Cl4 1.603369e-02 3.357604e-02 3.669027e-02
Cl5 1.748407e-02 3.249200e-02 3.549393e-02
Cl6 1.598177e-02 3.404794e-02 3.536029e-02
Cl7 1.741918e-02 3.407709e-02 3.567373e-02
Cl8 1.628989e-02 2.559613e-02 3.449399e-02
Cl9 1.603369e-02 3.357604e-02 3.669027e-02
Cl10 1.748407e-02 3.249200e-02 3.549393e-02
C1 1.625681e-02 2.008711e-02 2.133608e-02
C2 1.753923e-02 1.958396e-02 1.969681e-02
C3 1.763365e-02 1.906409e-02 2.085226e-02
C4 1.648173e-02 1.828437e-02 2.093390e-02
C5 1.624357e-02 1.914729e-02 2.103914e-02
C6 1.625681e-02 2.008711e-02 2.133608e-02
C7 1.753923e-02 1.958396e-02 1.969681e-02
C8 1.763365e-02 1.906409e-02 2.085226e-02
C9 1.648173e-02 1.828437e-02 2.093390e-02
C10 1.624357e-02 1.914729e-02 2.103914e-02
N1 1.658584e-02 1.995058e-02 2.522359e-02
N2 1.658584e-02 1.995058e-02 2.522359e-02
190 K
U_1 U_2 U_3
Cl1 1.681215e-02 3.588803e-02 3.724982e-02
Cl2 1.833542e-02 3.590295e-02 3.758162e-02
Cl3 1.714709e-02 2.694931e-02 3.635360e-02
Cl4 1.687412e-02 3.537466e-02 3.866122e-02
Cl5 1.840969e-02 3.423710e-02 3.740321e-02
Cl6 1.681215e-02 3.588803e-02 3.724982e-02
Cl7 1.833542e-02 3.590295e-02 3.758162e-02
Cl8 1.714709e-02 2.694931e-02 3.635360e-02
Cl9 1.687412e-02 3.537466e-02 3.866122e-02
Cl10 1.840969e-02 3.423710e-02 3.740321e-02
C1 1.707350e-02 2.108866e-02 2.239784e-02
C2 1.842661e-02 2.056467e-02 2.066872e-02
C3 1.851452e-02 2.003093e-02 2.188454e-02
C4 1.731164e-02 1.917393e-02 2.201443e-02
C5 1.706027e-02 2.005991e-02 2.211982e-02
C6 1.707350e-02 2.108866e-02 2.239784e-02
C7 1.842661e-02 2.056467e-02 2.066872e-02
C8 1.851452e-02 2.003093e-02 2.188454e-02
C9 1.731164e-02 1.917393e-02 2.201443e-02
C10 1.706027e-02 2.005991e-02 2.211982e-02
N1 1.741608e-02 2.098022e-02 2.648370e-02
N2 1.741608e-02 2.098022e-02 2.648370e-02
200 K
U_1 U_2 U_3
Cl1 1.764275e-02 3.770888e-02 3.915837e-02
Cl2 1.924553e-02 3.773122e-02 3.950325e-02
Cl3 1.800504e-02 2.830839e-02 3.820656e-02
Cl4 1.771199e-02 3.717660e-02 4.064141e-02
Cl5 1.932065e-02 3.597101e-02 3.930834e-02
Cl6 1.764275e-02 3.770888e-02 3.915837e-02
Cl7 1.924553e-02 3.773122e-02 3.950325e-02
Cl8 1.800504e-02 2.830839e-02 3.820656e-02
Cl9 1.771199e-02 3.717660e-02 4.064141e-02
Cl10 1.932065e-02 3.597101e-02 3.930834e-02
C1 1.789687e-02 2.209778e-02 2.347535e-02
C2 1.931149e-02 2.154698e-02 2.164153e-02
C3 1.941308e-02 2.100094e-02 2.291598e-02
C4 1.814090e-02 2.004679e-02 2.308231e-02
C5 1.786949e-02 2.098032e-02 2.321019e-02
C6 1.789687e-02 2.209778e-02 2.347535e-02
C7 1.931149e-02 2.154698e-02 2.164153e-02
C8 1.941308e-02 2.100094e-02 2.291598e-02
C9 1.814090e-02 2.004679e-02 2.308231e-02
C10 1.786949e-02 2.098032e-02 2.321019e-02
N1 1.823635e-02 2.200003e-02 2.775363e-02
N2 1.823635e-02 2.200003e-02 2.775363e-02
210 K
U_1 U_2 U_3
Cl1 1.848262e-02 3.953955e-02 4.105783e-02
Cl2 2.016885e-02 3.956502e-02 4.141613e-02
Cl3 1.885726e-02 2.965757e-02 4.006517e-02
Cl4 1.855788e-02 3.898397e-02 4.261814e-02
Cl5 2.024378e-02 3.772295e-02 4.122327e-02
Cl6 1.848262e-02 3.953955e-02 4.105783e-02
Cl7 2.016885e-02 3.956502e-02 4.141613e-02
Cl8 1.885726e-02 2.965757e-02 4.006517e-02
Cl9 1.855788e-02 3.898397e-02 4.261814e-02
Cl10 2.024378e-02 3.772295e-02 4.122327e-02
C1 1.870793e-02 2.309540e-02 2.455667e-02
C2 2.019429e-02 2.250850e-02 2.263721e-02
C3 2.030833e-02 2.196336e-02 2.394831e-02
C4 1.897696e-02 2.093699e-02 2.415605e-02
C5 1.869504e-02 2.189965e-02 2.429531e-02
C6 1.870793e-02 2.309540e-02 2.455667e-02
C7 2.019429e-02 2.250850e-02 2.263721e-02
C8 2.030833e-02 2.196336e-02 2.394831e-02
C9 1.897696e-02 2.093699e-02 2.415605e-02
C10 1.869504e-02 2.189965e-02 2.429531e-02
N1 1.907601e-02 2.303023e-02 2.902376e-02
N2 1.907601e-02 2.303023e-02 2.902376e-02
220 K
U_1 U_2 U_3
Cl1 1.932702e-02 4.137237e-02 4.297061e-02
Cl2 2.108294e-02 4.141015e-02 4.334691e-02
Cl3 1.971023e-02 3.102817e-02 4.192160e-02
Cl4 1.940203e-02 4.078925e-02 4.459871e-02
Cl5 2.116662e-02 3.947298e-02 4.313040e-02
Cl6 1.932702e-02 4.137237e-02 4.297061e-02
Cl7 2.108294e-02 4.141015e-02 4.334691e-02
Cl8 1.971023e-02 3.102817e-02 4.192160e-02
Cl9 1.940203e-02 4.078925e-02 4.459871e-02
Cl10 2.116662e-02 3.947298e-02 4.313040e-02
C1 1.952306e-02 2.411260e-02 2.563434e-02
C2 2.107787e-02 2.347509e-02 2.363704e-02
C3 2.119458e-02 2.292704e-02 2.498838e-02
C4 1.980678e-02 2.182650e-02 2.523672e-02
C5 1.950861e-02 2.283808e-02 2.537331e-02
C6 1.952306e-02 2.411260e-02 2.563434e-02
C7 2.107787e-02 2.347509e-02 2.363704e-02
C8 2.119458e-02 2.292704e-02 2.498838e-02
C9 1.980678e-02 2.182650e-02 2.523672e-02
C10 1.950861e-02 2.283808e-02 2.537331e-02
N1 1.990478e-02 2.406453e-02 3.030069e-02
N2 1.990478e-02 2.406453e-02 3.030069e-02
230 K
U_1 U_2 U_3
Cl1 2.015813e-02 4.321263e-02 4.487924e-02
Cl2 2.201190e-02 4.323843e-02 4.526966e-02
Cl3 2.057245e-02 3.239954e-02 4.377801e-02
Cl4 2.024750e-02 4.259163e-02 4.658087e-02
Cl5 2.209036e-02 4.121196e-02 4.504768e-02
Cl6 2.015813e-02 4.321263e-02 4.487924e-02
Cl7 2.201190e-02 4.323843e-02 4.526966e-02
Cl8 2.057245e-02 3.239954e-02 4.377801e-02
Cl9 2.024750e-02 4.259163e-02 4.658087e-02
Cl10 2.209036e-02 4.121196e-02 4.504768e-02
C1 2.034517e-02 2.511666e-02 2.670817e-02
C2 2.196737e-02 2.445072e-02 2.464191e-02
C3 2.208845e-02 2.390825e-02 2.602330e-02
C4 2.063658e-02 2.271601e-02 2.631742e-02
C5 2.032498e-02 2.376274e-02 2.647227e-02
C6 2.034517e-02 2.511666e-02 2.670817e-02
C7 2.196737e-02 2.445072e-02 2.464191e-02
C8 2.208845e-02 2.390825e-02 2.602330e-02
C9 2.063658e-02 2.271601e-02 2.631742e-02
C10 2.032498e-02 2.376274e-02 2.647227e-02
N1 2.073501e-02 2.509420e-02 3.158079e-02
N2 2.073501e-02 2.509420e-02 3.158079e-02
240 K
U_1 U_2 U_3
Cl1 2.100164e-02 4.504976e-02 4.678860e-02
Cl2 2.292637e-02 4.508221e-02 4.719142e-02
Cl3 2.141971e-02 3.376271e-02 4.564759e-02
Cl4 2.109177e-02 4.439724e-02 4.857099e-02
Cl5 2.301419e-02 4.297990e-02 4.696591e-02
Cl6 2.100164e-02 4.504976e-02 4.678860e-02
Cl7 2.292637e-02 4.508221e-02 4.719142e-02
Cl8 2.141971e-02 3.376271e-02 4.564759e-02
Cl9 2.109177e-02 4.439724e-02 4.857099e-02
Cl10 2.301419e-02 4.297990e-02 4.696591e-02
C1 2.117110e-02 2.613075e-02 2.778815e-02
C2 2.285919e-02 2.541495e-02 2.564586e-02
C3 2.298442e-02 2.487938e-02 2.706620e-02
C4 2.146635e-02 2.360552e-02 2.739813e-02
C5 2.114478e-02 2.470192e-02 2.755331e-02
C6 2.117110e-02 2.613075e-02 2.778815e-02
C7 2.285919e-02 2.541495e-02 2.564586e-02
C8 2.298442e-02 2.487938e-02 2.706620e-02
C9 2.146635e-02 2.360552e-02 2.739813e-02
C10 2.114478e-02 2.470192e-02 2.755331e-02
N1 2.156189e-02 2.612571e-02 3.286240e-02
N2 2.156189e-02 2.612571e-02 3.286240e-02
250 K
U_1 U_2 U_3
Cl1 2.184824e-02 4.688404e-02 4.869772e-02
Cl2 2.384939e-02 4.692254e-02 4.912807e-02
Cl3 2.228766e-02 3.513179e-02 4.751055e-02
Cl4 2.193175e-02 4.622014e-02 5.054810e-02
Cl5 2.393732e-02 4.473184e-02 4.888084e-02
Cl6 2.184824e-02 4.688404e-02 4.869772e-02
Cl7 2.384939e-02 4.692254e-02 4.912807e-02
Cl8 2.228766e-02 3.513179e-02 4.751055e-02
Cl9 2.193175e-02 4.622014e-02 5.054810e-02
Cl10 2.393732e-02 4.473184e-02 4.888084e-02
C1 2.198395e-02 2.714640e-02 2.887965e-02
C2 2.374386e-02 2.638788e-02 2.665825e-02
C3 2.388664e-02 2.585353e-02 2.810982e-02
C4 2.230227e-02 2.449561e-02 2.847211e-02
C5 2.197489e-02 2.563414e-02 2.865097e-02
C6 2.198395e-02 2.714640e-02 2.887965e-02
C7 2.374386e-02 2.638788e-02 2.665825e-02
C8 2.388664e-02 2.585353e-02 2.810982e-02
C9 2.230227e-02 2.449561e-02 2.847211e-02
C10 2.197489e-02 2.563414e-02 2.865097e-02
N1 2.240518e-02 2.716076e-02 3.415406e-02
N2 2.240518e-02 2.716076e-02 3.415406e-02
260 K
U_1 U_2 U_3
Cl1 2.268262e-02 4.873067e-02 5.060671e-02
Cl2 2.477249e-02 4.876395e-02 5.105356e-02
Cl3 2.314489e-02 3.650249e-02 4.938262e-02
Cl4 2.277603e-02 4.802575e-02 5.253822e-02
Cl5 2.487105e-02 4.648082e-02 5.080812e-02
Cl6 2.268262e-02 4.873067e-02 5.060671e-02
Cl7 2.477249e-02 4.876395e-02 5.105356e-02
Cl8 2.314489e-02 3.650249e-02 4.938262e-02
Cl9 2.277603e-02 4.802575e-02 5.253822e-02
Cl10 2.487105e-02 4.648082e-02 5.080812e-02
C1 2.281088e-02 2.815990e-02 2.996922e-02
C2 2.464079e-02 2.735419e-02 2.766502e-02
C3 2.478251e-02 2.682454e-02 2.915294e-02
C4 2.314201e-02 2.539512e-02 2.956287e-02
C5 2.279466e-02 2.657332e-02 2.973201e-02
C6 2.281088e-02 2.815990e-02 2.996922e-02
C7 2.464079e-02 2.735419e-02 2.766502e-02
C8 2.478251e-02 2.682454e-02 2.915294e-02
C9 2.314201e-02 2.539512e-02 2.956287e-02
C10 2.279466e-02 2.657332e-02 2.973201e-02
N1 2.323539e-02 2.819033e-02 3.543428e-02
N2 2.323539e-02 2.819033e-02 3.543428e-02
270 K
U_1 U_2 U_3
Cl1 2.353030e-02 5.056988e-02 5.251983e-02
Cl2 2.569681e-02 5.061146e-02 5.298173e-02
Cl3 2.400786e-02 3.786758e-02 5.124456e-02
Cl4 2.363018e-02 4.984103e-02 5.452879e-02
Cl5 2.579418e-02 4.823276e-02 5.272305e-02
Cl6 2.353030e-02 5.056988e-02 5.251983e-02
Cl7 2.569681e-02 5.061146e-02 5.298173e-02
Cl8 2.400786e-02 3.786758e-02 5.124456e-02
Cl9 2.363018e-02 4.984103e-02 5.452879e-02
Cl10 2.579418e-02 4.823276e-02 5.272305e-02
C1 2.362888e-02 2.917516e-02 3.105596e-02
C2 2.553379e-02 2.832710e-02 2.867911e-02
C3 2.567583e-02 2.779987e-02 3.020431e-02
C4 2.397173e-02 2.628463e-02 3.064363e-02
C5 2.361546e-02 2.751596e-02 3.081858e-02
C6 2.362888e-02 2.917516e-02 3.105596e-02
C7 2.553379e-02 2.832710e-02 2.867911e-02
C8 2.567583e-02 2.779987e-02 3.020431e-02
C9 2.397173e-02 2.628463e-02 3.064363e-02
C10 2.361546e-02 2.751596e-02 3.081858e-02
N1 2.407229e-02 2.923178e-02 3.672593e-02
N2 2.407229e-02 2.923178e-02 3.672593e-02
280 K
U_1 U_2 U_3
Cl1 2.437141e-02 5.242013e-02 5.443846e-02
Cl2 2.661983e-02 5.245178e-02 5.491838e-02
Cl3 2.487431e-02 3.923704e-02 5.310865e-02
Cl4 2.446854e-02 5.166216e-02 5.651930e-02
Cl5 2.671613e-02 4.999459e-02 5.464928e-02
Cl6 2.437141e-02 5.242013e-02 5.443846e-02
Cl7 2.661983e-02 5.245178e-02 5.491838e-02
Cl8 2.487431e-02 3.923704e-02 5.310865e-02
Cl9 2.446854e-02 5.166216e-02 5.651930e-02
Cl10 2.671613e-02 4.999459e-02 5.464928e-02
C1 2.445579e-02 3.018828e-02 3.214593e-02
C2 2.641767e-02 2.930370e-02 2.968863e-02
C3 2.658071e-02 2.877165e-02 3.124764e-02
C4 2.480827e-02 2.719148e-02 3.173026e-02
C5 2.443389e-02 2.846133e-02 3.191478e-02
C6 2.445579e-02 3.018828e-02 3.214593e-02
C7 2.641767e-02 2.930370e-02 2.968863e-02
C8 2.658071e-02 2.877165e-02 3.124764e-02
C9 2.480827e-02 2.719148e-02 3.173026e-02
C10 2.443389e-02 2.846133e-02 3.191478e-02
N1 2.491043e-02 3.026672e-02 3.801284e-02
N2 2.491043e-02 3.026672e-02 3.801284e-02
290 K
U_1 U_2 U_3
Cl1 2.522164e-02 5.426088e-02 5.635748e-02
Cl2 2.755200e-02 5.429467e-02 5.685332e-02
Cl3 2.573731e-02 4.061964e-02 5.498304e-02
Cl4 2.532443e-02 5.347955e-02 5.850602e-02
Cl5 2.764926e-02 5.175653e-02 5.657421e-02
Cl6 2.522164e-02 5.426088e-02 5.635748e-02
Cl7 2.755200e-02 5.429467e-02 5.685332e-02
Cl8 2.573731e-02 4.061964e-02 5.498304e-02
Cl9 2.532443e-02 5.347955e-02 5.850602e-02
Cl10 2.764926e-02 5.175653e-02 5.657421e-02
C1 2.527125e-02 3.121042e-02 3.323834e-02
C2 2.730908e-02 3.028410e-02 3.069682e-02
C3 2.747403e-02 2.974685e-02 3.229912e-02
C4 2.564734e-02 2.808846e-02 3.281419e-02
C5 2.525739e-02 2.940982e-02 3.300280e-02
C6 2.527125e-02 3.121042e-02 3.323834e-02
C7 2.730908e-02 3.028410e-02 3.069682e-02
C8 2.747403e-02 2.974685e-02 3.229912e-02
C9 2.564734e-02 2.808846e-02 3.281419e-02
C10 2.525739e-02 2.940982e-02 3.300280e-02
N1 2.575169e-02 3.130868e-02 3.930962e-02
N2 2.575169e-02 3.130868e-02 3.930962e-02
300 K
U_1 U_2 U_3
Cl1 2.607151e-02 5.610154e-02 5.826695e-02
Cl2 2.847433e-02 5.614866e-02 5.877701e-02
Cl3 2.659454e-02 4.199034e-02 5.685511e-02
Cl4 2.617230e-02 5.529149e-02 6.049621e-02
Cl5 2.858488e-02 5.351163e-02 5.849350e-02
Cl6 2.607151e-02 5.610154e-02 5.826695e-02
Cl7 2.847433e-02 5.614866e-02 5.877701e-02
Cl8 2.659454e-02 4.199034e-02 5.685511e-02
Cl9 2.617230e-02 5.529149e-02 6.049621e-02
Cl10 2.858488e-02 5.351163e-02 5.849350e-02
C1 2.610634e-02 3.222645e-02 3.432721e-02
C2 2.820670e-02 3.125807e-02 3.170523e-02
C3 2.837974e-02 3.072763e-02 3.335263e-02
C4 2.648384e-02 2.899532e-02 3.390085e-02
C5 2.608087e-02 3.035831e-02 3.409081e-02
C6 2.610634e-02 3.222645e-02 3.432721e-02
C7 2.820670e-02 3.125807e-02 3.170523e-02
C8 2.837974e-02 3.072763e-02 3.335263e-02
C9 2.648384e-02 2.899532e-02 3.390085e-02
C10 2.608087e-02 3.035831e-02 3.409081e-02
N1 2.659441e-02 3.233434e-02 4.060125e-02
N2 2.659441e-02 3.233434e-02 4.060125e-02
