Molecular-Toolbox 1.0.1
Code written and copyrighted by Janine George (2015-2016)
0 K
U*_11 U*_22 U*_33 U*_23 U*_13 U*_12
Cl1 1.664527e-04 2.287923e-04 1.858146e-05 -1.421950e-06 -1.040138e-05 -3.009800e-05
Cl2 2.185657e-04 2.045321e-04 1.768591e-05 2.029580e-05 7.356651e-06 -1.833337e-05
Cl3 1.537823e-04 1.586244e-04 2.386479e-05 7.764698e-11 1.175362e-05 -5.040927e-05
Cl4 1.676807e-04 2.362570e-04 1.764119e-05 1.809851e-06 -1.012568e-05 -2.374071e-05
Cl5 2.231320e-04 1.948280e-04 1.853662e-05 1.977872e-05 1.067808e-05 -2.222278e-05
Cl6 1.664527e-04 2.287923e-04 1.858146e-05 1.421951e-06 -1.040138e-05 3.009800e-05
Cl7 2.185657e-04 2.045321e-04 1.768591e-05 -2.029580e-05 7.356651e-06 1.833337e-05
Cl8 1.537823e-04 1.586244e-04 2.386479e-05 -7.739288e-11 1.175362e-05 5.040927e-05
Cl9 1.676807e-04 2.362570e-04 1.764119e-05 -1.809851e-06 -1.012568e-05 2.374071e-05
Cl10 2.231320e-04 1.948280e-04 1.853662e-05 -1.977872e-05 1.067808e-05 2.222278e-05
C1 1.472123e-04 1.683284e-04 1.656657e-05 4.136761e-06 1.009767e-06 -2.799777e-05
C2 1.532014e-04 1.657158e-04 1.634269e-05 7.627116e-06 3.031314e-06 -2.731157e-05
C3 1.572276e-04 1.616102e-04 1.656656e-05 7.368570e-06 4.275585e-06 -2.635502e-05
C4 1.449602e-04 1.563850e-04 1.705908e-05 4.783127e-06 3.772302e-06 -3.020782e-05
C5 1.492687e-04 1.657158e-04 1.634270e-05 5.300212e-06 8.959676e-07 -2.704372e-05
C6 1.472123e-04 1.683284e-04 1.656657e-05 -4.136761e-06 1.009767e-06 2.799777e-05
C7 1.532014e-04 1.657158e-04 1.634269e-05 -7.627116e-06 3.031314e-06 2.731157e-05
C8 1.572276e-04 1.616102e-04 1.656656e-05 -7.368570e-06 4.275585e-06 2.635502e-05
C9 1.449602e-04 1.563850e-04 1.705908e-05 -4.783127e-06 3.772302e-06 3.020782e-05
C10 1.492687e-04 1.657158e-04 1.634270e-05 -5.300212e-06 8.959676e-07 2.704372e-05
N1 1.676151e-04 1.854972e-04 1.777549e-05 9.049144e-06 2.425367e-07 -4.762284e-05
N2 1.676151e-04 1.854972e-04 1.777549e-05 -9.049144e-06 2.425368e-07 4.762284e-05

10 K
U*_11 U*_22 U*_33 U*_23 U*_13 U*_12
Cl1 1.719858e-04 2.362570e-04 1.916353e-05 -1.809767e-06 -1.035674e-05 -3.029513e-05
Cl2 2.252097e-04 2.108771e-04 1.835753e-05 2.029580e-05 7.823638e-06 -1.797071e-05
Cl3 1.594039e-04 1.645961e-04 2.467072e-05 -5.170117e-07 1.228888e-05 -5.067211e-05
Cl4 1.722768e-04 2.433484e-04 1.831281e-05 1.422033e-06 -1.028673e-05 -2.357518e-05
Cl5 2.288043e-04 2.015462e-04 1.916346e-05 1.964945e-05 1.087109e-05 -2.192583e-05
Cl6 1.719858e-04 2.362570e-04 1.916353e-05 1.809768e-06 -1.035674e-05 3.029513e-05
Cl7 2.252097e-04 2.108771e-04 1.835753e-05 -2.029580e-05 7.823638e-06 1.797071e-05
Cl8 1.594039e-04 1.645961e-04 2.467072e-05 5.170120e-07 1.228888e-05 5.067211e-05
Cl9 1.722768e-04 2.433484e-04 1.831281e-05 -1.422033e-06 -1.028673e-05 2.357518e-05
Cl10 2.288043e-04 2.015462e-04 1.916346e-05 -1.964945e-05 1.087109e-05 2.192583e-05
C1 1.521683e-04 1.739269e-04 1.714864e-05 3.748944e-06 1.180021e-06 -2.819490e-05
C2 1.585098e-04 1.713143e-04 1.692476e-05 7.368571e-06 3.201567e-06 -2.708033e-05
C3 1.621836e-04 1.672087e-04 1.714863e-05 7.110025e-06 4.445838e-06 -2.612378e-05
C4 1.500554e-04 1.616102e-04 1.768592e-05 4.395310e-06 4.090923e-06 -3.040495e-05
C5 1.538839e-04 1.713143e-04 1.696954e-05 4.912394e-06 1.088981e-06 -2.687820e-05
C6 1.521683e-04 1.739269e-04 1.714864e-05 -3.748944e-06 1.180021e-06 2.819490e-05
C7 1.585098e-04 1.713143e-04 1.692476e-05 -7.368571e-06 3.201567e-06 2.708033e-05
C8 1.621836e-04 1.672087e-04 1.714863e-05 -7.110024e-06 4.445838e-06 2.612378e-05
C9 1.500554e-04 1.616102e-04 1.768592e-05 -4.395310e-06 4.090923e-06 3.040495e-05
C10 1.538839e-04 1.713143e-04 1.696954e-05 -4.912394e-06 1.088981e-06 2.687820e-05
N1 1.725711e-04 1.910957e-04 1.835755e-05 8.661327e-06 4.127904e-07 -4.781997e-05
N2 1.725711e-04 1.910957e-04 1.835755e-05 -8.661327e-06 4.127904e-07 4.781997e-05

20 K
U*_11 U*_22 U*_33 U*_23 U*_13 U*_12
Cl1 1.932549e-04 2.657424e-04 2.149180e-05 -3.490311e-06 -1.068060e-05 -2.933608e-05
Cl2 2.546433e-04 2.351373e-04 2.095445e-05 2.158852e-05 1.039972e-05 -1.477501e-05
Cl3 1.799648e-04 1.847507e-04 2.838700e-05 -2.585365e-06 1.543396e-05 -5.426207e-05
Cl4 1.914703e-04 2.747001e-04 2.090974e-05 -5.170568e-07 -1.085086e-05 -2.129693e-05
Cl5 2.570806e-04 2.250600e-04 2.149173e-05 2.042508e-05 1.293379e-05 -1.971829e-05
Cl6 1.932549e-04 2.657424e-04 2.149180e-05 3.490311e-06 -1.068060e-05 2.933608e-05
Cl7 2.546433e-04 2.351373e-04 2.095445e-05 -2.158852e-05 1.039972e-05 1.477501e-05
Cl8 1.799648e-04 1.847507e-04 2.838700e-05 2.585366e-06 1.543396e-05 5.426207e-05
Cl9 1.914703e-04 2.747001e-04 2.090974e-05 5.170572e-07 -1.085086e-05 2.129693e-05
Cl10 2.570806e-04 2.250600e-04 2.149173e-05 -2.042508e-05 1.293379e-05 1.971829e-05
C1 1.694638e-04 1.937083e-04 1.911872e-05 2.844036e-06 2.055792e-06 -2.756691e-05
C2 1.768425e-04 1.892295e-04 1.907393e-05 6.980751e-06 4.796419e-06 -2.546418e-05
C3 1.804393e-04 1.854972e-04 1.911870e-05 6.592934e-06 5.572826e-06 -2.529865e-05
C4 1.664402e-04 1.787790e-04 2.010374e-05 3.231858e-06 5.571115e-06 -3.027103e-05
C5 1.702540e-04 1.903492e-04 1.907394e-05 3.619668e-06 1.781814e-06 -2.572202e-05
C6 1.694638e-04 1.937083e-04 1.911872e-05 -2.844036e-06 2.055792e-06 2.756691e-05
C7 1.768425e-04 1.892295e-04 1.907393e-05 -6.980751e-06 4.796419e-06 2.546418e-05
C8 1.804393e-04 1.854972e-04 1.911870e-05 -6.592933e-06 5.572826e-06 2.529865e-05
C9 1.664402e-04 1.787790e-04 2.010374e-05 -3.231858e-06 5.571115e-06 3.027103e-05
C10 1.702540e-04 1.903492e-04 1.907394e-05 -3.619668e-06 1.781814e-06 2.572202e-05
N1 1.905207e-04 2.097574e-04 2.050673e-05 7.885695e-06 1.630816e-06 -4.930220e-05
N2 1.905207e-04 2.097574e-04 2.050673e-05 -7.885695e-06 1.630816e-06 4.930220e-05

30 K
U*_11 U*_22 U*_33 U*_23 U*_13 U*_12
Cl1 2.252965e-04 3.105305e-04 2.507377e-05 -5.817215e-06 -1.187452e-05 -2.943089e-05
Cl2 2.992198e-04 2.732071e-04 2.476027e-05 2.443251e-05 1.396710e-05 -1.115345e-05
Cl3 2.097432e-04 2.131165e-04 3.393903e-05 -5.429351e-06 2.014019e-05 -5.969692e-05
Cl4 2.213277e-04 3.221008e-04 2.471557e-05 -2.843964e-06 -1.205659e-05 -1.921580e-05
Cl5 3.013323e-04 2.616369e-04 2.502891e-05 2.249343e-05 1.611340e-05 -1.794161e-05
Cl6 2.252965e-04 3.105305e-04 2.507377e-05 5.817215e-06 -1.187452e-05 2.943089e-05
Cl7 2.992198e-04 2.732071e-04 2.476027e-05 -2.443251e-05 1.396710e-05 1.115345e-05
Cl8 2.097432e-04 2.131165e-04 3.393903e-05 5.429351e-06 2.014019e-05 5.969692e-05
Cl9 2.213277e-04 3.221008e-04 2.471557e-05 2.843964e-06 -1.205659e-05 1.921580e-05
Cl10 3.013323e-04 2.616369e-04 2.502891e-05 -2.249343e-05 1.611340e-05 1.794161e-05
C1 1.937829e-04 2.213276e-04 2.198428e-05 1.680584e-06 3.135520e-06 -2.707033e-05
C2 2.026864e-04 2.146094e-04 2.202904e-05 6.592931e-06 7.052143e-06 -2.348537e-05
C3 2.065933e-04 2.112503e-04 2.202904e-05 6.075843e-06 7.428964e-06 -2.447352e-05
C4 1.898054e-04 2.026659e-04 2.350660e-05 1.809861e-06 7.928827e-06 -3.063118e-05
C5 1.930706e-04 2.168488e-04 2.207383e-05 2.068396e-06 2.804212e-06 -2.397194e-05
C6 1.937829e-04 2.213276e-04 2.198428e-05 -1.680583e-06 3.135520e-06 2.707033e-05
C7 2.026864e-04 2.146094e-04 2.202904e-05 -6.592931e-06 7.052143e-06 2.348537e-05
C8 2.065933e-04 2.112503e-04 2.202904e-05 -6.075842e-06 7.428964e-06 2.447352e-05
C9 1.898054e-04 2.026659e-04 2.350660e-05 -1.809861e-06 7.928827e-06 3.063118e-05
C10 1.930706e-04 2.168488e-04 2.207383e-05 -2.068396e-06 2.804212e-06 2.397194e-05
N1 2.161363e-04 2.366302e-04 2.368571e-05 6.851520e-06 3.372292e-06 -5.236648e-05
N2 2.161363e-04 2.366302e-04 2.368571e-05 -6.851520e-06 3.372292e-06 5.236648e-05

40 K
U*_11 U*_22 U*_33 U*_23 U*_13 U*_12
Cl1 2.630767e-04 3.642762e-04 2.928258e-05 -8.144116e-06 -1.350348e-05 -3.097633e-05
Cl2 3.521484e-04 3.187416e-04 2.914816e-05 2.818141e-05 1.757913e-05 -8.885196e-06
Cl3 2.442992e-04 2.467075e-04 4.025222e-05 -8.273333e-06 2.523333e-05 -6.730771e-05
Cl4 2.567845e-04 3.788323e-04 2.910348e-05 -5.041597e-06 -1.384573e-05 -1.851959e-05
Cl5 3.538623e-04 3.049320e-04 2.923770e-05 2.546670e-05 1.963439e-05 -1.751824e-05
Cl6 2.630767e-04 3.642762e-04 2.928258e-05 8.144117e-06 -1.350348e-05 3.097633e-05
Cl7 3.521484e-04 3.187416e-04 2.914816e-05 -2.818141e-05 1.757913e-05 8.885196e-06
Cl8 2.442992e-04 2.467075e-04 4.025222e-05 8.273333e-06 2.523333e-05 6.730771e-05
Cl9 2.567845e-04 3.788323e-04 2.910348e-05 5.041597e-06 -1.384573e-05 1.851959e-05
Cl10 3.538623e-04 3.049320e-04 2.923770e-05 -2.546670e-05 1.963439e-05 1.751824e-05
C1 2.213891e-04 2.530525e-04 2.529759e-05 3.878590e-07 4.442835e-06 -2.700212e-05
C2 2.326498e-04 2.437217e-04 2.543190e-05 6.463655e-06 9.661063e-06 -2.137514e-05
C3 2.370799e-04 2.403626e-04 2.534235e-05 5.688024e-06 9.489929e-06 -2.358268e-05
C4 2.162446e-04 2.295388e-04 2.740198e-05 2.585928e-07 1.066250e-05 -3.105705e-05
C5 2.195151e-04 2.470808e-04 2.547669e-05 5.171241e-07 4.031439e-06 -2.222187e-05
C6 2.213891e-04 2.530525e-04 2.529759e-05 -3.878587e-07 4.442835e-06 2.700212e-05
C7 2.326498e-04 2.437217e-04 2.543190e-05 -6.463655e-06 9.661063e-06 2.137514e-05
C8 2.370799e-04 2.403626e-04 2.534235e-05 -5.688024e-06 9.489929e-06 2.358268e-05
C9 2.162446e-04 2.295388e-04 2.740198e-05 -2.585925e-07 1.066250e-05 3.105705e-05
C10 2.195151e-04 2.470808e-04 2.547669e-05 -5.171238e-07 4.031439e-06 2.222187e-05
N1 2.454030e-04 2.668622e-04 2.735722e-05 5.817347e-06 5.364114e-06 -5.615607e-05
N2 2.454030e-04 2.668622e-04 2.735722e-05 -5.817346e-06 5.364115e-06 5.615607e-05

50 K
U*_11 U*_22 U*_33 U*_23 U*_13 U*_12
Cl1 3.045395e-04 4.225006e-04 3.384959e-05 -1.034174e-05 -1.557842e-05 -3.390669e-05
Cl2 4.092589e-04 3.691282e-04 3.384947e-05 3.257667e-05 2.122485e-05 -7.376362e-06
Cl3 2.816622e-04 2.832844e-04 4.701316e-05 -1.098804e-05 3.042845e-05 -7.630341e-05
Cl4 2.955484e-04 4.404159e-04 3.376004e-05 -6.980683e-06 -1.612636e-05 -1.877993e-05
Cl5 4.114297e-04 3.527059e-04 3.384947e-05 2.908633e-05 2.336020e-05 -1.821695e-05
Cl6 3.045395e-04 4.225006e-04 3.384959e-05 1.034174e-05 -1.557842e-05 3.390669e-05
Cl7 4.092589e-04 3.691282e-04 3.384947e-05 -3.257667e-05 2.122485e-05 7.376362e-06
Cl8 2.816622e-04 2.832844e-04 4.701316e-05 1.098804e-05 3.042845e-05 7.630341e-05
Cl9 2.955484e-04 4.404159e-04 3.376004e-05 6.980683e-06 -1.612636e-05 1.877993e-05
Cl10 4.114297e-04 3.527059e-04 3.384947e-05 -2.908633e-05 2.336020e-05 1.821695e-05
C1 2.506874e-04 2.866435e-04 2.883478e-05 -9.048649e-07 5.738335e-06 -2.729656e-05
C2 2.639529e-04 2.747001e-04 2.905863e-05 6.334380e-06 1.225817e-05 -1.926491e-05
C3 2.698664e-04 2.717142e-04 2.887953e-05 5.429478e-06 1.179029e-05 -2.298879e-05
C4 2.443759e-04 2.579045e-04 3.152122e-05 -1.163403e-06 1.338435e-05 -3.177986e-05
C5 2.476516e-04 2.791789e-04 2.910342e-05 -1.034148e-06 5.246850e-06 -2.047180e-05
C6 2.506874e-04 2.866435e-04 2.883478e-05 9.048653e-07 5.738335e-06 2.729656e-05
C7 2.639529e-04 2.747001e-04 2.905863e-05 -6.334379e-06 1.225817e-05 1.926491e-05
C8 2.698664e-04 2.717142e-04 2.887953e-05 -5.429478e-06 1.179029e-05 2.298879e-05
C9 2.443759e-04 2.579045e-04 3.152122e-05 1.163403e-06 1.338435e-05 3.177986e-05
C10 2.476516e-04 2.791789e-04 2.910342e-05 1.034148e-06 5.246850e-06 2.047180e-05
N1 2.768649e-04 2.997067e-04 3.134214e-05 4.912447e-06 7.515248e-06 -6.096792e-05
N2 2.768649e-04 2.997067e-04 3.134214e-05 -4.912446e-06 7.515248e-06 6.096792e-05

60 K
U*_11 U*_22 U*_33 U*_23 U*_13 U*_12
Cl1 3.477913e-04 4.840842e-04 3.864047e-05 -1.241010e-05 -1.791638e-05 -3.785931e-05
Cl2 4.694593e-04 4.221274e-04 3.872989e-05 3.723047e-05 2.483600e-05 -6.824077e-06
Cl3 3.208450e-04 3.217275e-04 5.399797e-05 -1.357347e-05 3.573735e-05 -8.632137e-05
Cl4 3.369338e-04 5.053585e-04 3.864047e-05 -8.790496e-06 -1.854441e-05 -1.969987e-05
Cl5 4.713707e-04 4.027192e-04 3.859556e-05 3.309378e-05 2.702868e-05 -1.944385e-05
Cl6 3.477913e-04 4.840842e-04 3.864047e-05 1.241010e-05 -1.791638e-05 3.785931e-05
Cl7 4.694593e-04 4.221274e-04 3.872989e-05 -3.723047e-05 2.483600e-05 6.824077e-06
Cl8 3.208450e-04 3.217275e-04 5.399797e-05 1.357347e-05 3.573735e-05 8.632138e-05
Cl9 3.369338e-04 5.053585e-04 3.864047e-05 8.790496e-06 -1.854441e-05 1.969987e-05
Cl10 4.713707e-04 4.027192e-04 3.859556e-05 -3.309378e-05 2.702868e-05 1.944385e-05
C1 2.814298e-04 3.221008e-04 3.250628e-05 -2.197589e-06 7.102110e-06 -2.759101e-05
C2 2.966771e-04 3.067982e-04 3.273013e-05 6.205104e-06 1.487803e-05 -1.751734e-05
C3 3.036285e-04 3.041855e-04 3.259581e-05 5.300205e-06 1.405609e-05 -2.269185e-05
C4 2.735874e-04 2.877632e-04 3.573002e-05 -2.714671e-06 1.615172e-05 -3.256838e-05
C5 2.768685e-04 3.127699e-04 3.281971e-05 -2.585420e-06 6.507778e-06 -1.872172e-05
C6 2.814298e-04 3.221008e-04 3.250628e-05 2.197589e-06 7.102110e-06 2.759101e-05
C7 2.966771e-04 3.067982e-04 3.273013e-05 -6.205104e-06 1.487803e-05 1.751734e-05
C8 3.036285e-04 3.041855e-04 3.259581e-05 -5.300205e-06 1.405609e-05 2.269185e-05
C9 2.735874e-04 2.877632e-04 3.573002e-05 2.714671e-06 1.615172e-05 3.256838e-05
C10 2.768685e-04 3.127699e-04 3.281971e-05 2.585420e-06 6.507778e-06 1.872172e-05
N1 3.099957e-04 3.344175e-04 3.546139e-05 4.136821e-06 9.609048e-06 -6.643938e-05
N2 3.099957e-04 3.344175e-04 3.546139e-05 -4.136820e-06 9.609048e-06 6.643938e-05

70 K
U*_11 U*_22 U*_33 U*_23 U*_13 U*_12
Cl1 3.922320e-04 5.475340e-04 4.356567e-05 -1.460772e-05 -2.043729e-05 -4.224029e-05
Cl2 5.314563e-04 4.766195e-04 4.374462e-05 4.227210e-05 2.851542e-05 -6.437319e-06
Cl3 3.610035e-04 3.612903e-04 6.116187e-05 -1.615891e-05 4.101169e-05 -9.670200e-05
Cl4 3.795080e-04 5.725406e-04 4.365523e-05 -1.047103e-05 -2.114541e-05 -2.127942e-05
Cl5 5.334724e-04 4.549720e-04 4.352074e-05 3.735977e-05 3.078819e-05 -2.126463e-05
Cl6 3.922320e-04 5.475340e-04 4.356567e-05 1.460772e-05 -2.043729e-05 4.224029e-05
Cl7 5.314563e-04 4.766195e-04 4.374462e-05 -4.227210e-05 2.851542e-05 6.437319e-06
Cl8 3.610035e-04 3.612903e-04 6.116187e-05 1.615891e-05 4.101169e-05 9.670200e-05
Cl9 3.795080e-04 5.725406e-04 4.365523e-05 1.047104e-05 -2.114541e-05 2.127942e-05
Cl10 5.334724e-04 4.549720e-04 4.352074e-05 -3.735977e-05 3.078819e-05 2.126463e-05
C1 3.126448e-04 3.579312e-04 3.626734e-05 -3.361040e-06 8.260185e-06 -2.818240e-05
C2 3.297884e-04 3.396427e-04 3.653596e-05 6.205102e-06 1.756617e-05 -1.570405e-05
C3 3.381071e-04 3.374033e-04 3.635686e-05 5.170932e-06 1.634464e-05 -2.239490e-05
C4 3.035384e-04 3.183684e-04 4.007314e-05 -4.136666e-06 1.898736e-05 -3.365385e-05
C5 3.066855e-04 3.467342e-04 3.662554e-05 -4.136691e-06 7.688615e-06 -1.733431e-05
C6 3.126448e-04 3.579312e-04 3.626734e-05 3.361040e-06 8.260185e-06 2.818240e-05
C7 3.297884e-04 3.396427e-04 3.653596e-05 -6.205101e-06 1.756617e-05 1.570405e-05
C8 3.381071e-04 3.374033e-04 3.635686e-05 -5.170932e-06 1.634464e-05 2.239490e-05
C9 3.035384e-04 3.183684e-04 4.007314e-05 4.136667e-06 1.898736e-05 3.365385e-05
C10 3.066855e-04 3.467342e-04 3.662554e-05 4.136692e-06 7.688615e-06 1.733431e-05
N1 3.437383e-04 3.698747e-04 3.971497e-05 3.490467e-06 1.164552e-05 -7.220778e-05
N2 3.437383e-04 3.698747e-04 3.971497e-05 -3.490467e-06 1.164552e-05 7.220778e-05

80 K
U*_11 U*_22 U*_33 U*_23 U*_13 U*_12
Cl1 4.374975e-04 6.124766e-04 4.858043e-05 -1.667607e-05 -2.316390e-05 -4.691822e-05
Cl2 5.942783e-04 5.329778e-04 4.884891e-05 4.744300e-05 3.198914e-05 -6.710163e-06
Cl3 4.021261e-04 4.019728e-04 6.846011e-05 -1.874434e-05 4.622869e-05 -1.078079e-04
Cl4 4.228956e-04 6.408424e-04 4.871476e-05 -1.202230e-05 -2.397487e-05 -2.315591e-05
Cl5 5.970066e-04 5.079712e-04 4.853548e-05 4.175504e-05 3.459322e-05 -2.338236e-05
Cl6 4.374975e-04 6.124766e-04 4.858043e-05 1.667607e-05 -2.316390e-05 4.691822e-05
Cl7 5.942783e-04 5.329778e-04 4.884891e-05 -4.744300e-05 3.198914e-05 6.710163e-06
Cl8 4.021261e-04 4.019728e-04 6.846011e-05 1.874434e-05 4.622869e-05 1.078079e-04
Cl9 4.228956e-04 6.408424e-04 4.871476e-05 1.202230e-05 -2.397487e-05 2.315591e-05
Cl10 5.970066e-04 5.079712e-04 4.853548e-05 -4.175504e-05 3.459322e-05 2.338236e-05
C1 3.447038e-04 3.945081e-04 4.007317e-05 -4.653763e-06 9.566627e-06 -2.883950e-05
C2 3.639683e-04 3.732338e-04 4.038656e-05 6.205099e-06 2.027707e-05 -1.425343e-05
C3 3.733019e-04 3.713676e-04 4.016269e-05 5.041660e-06 1.865595e-05 -2.246061e-05
C4 3.337140e-04 3.493468e-04 4.441626e-05 -5.558661e-06 2.169740e-05 -3.510198e-05
C5 3.368664e-04 3.814449e-04 4.047614e-05 -5.687963e-06 8.892210e-06 -1.594689e-05
C6 3.447038e-04 3.945081e-04 4.007317e-05 4.653764e-06 9.566627e-06 2.883950e-05
C7 3.639683e-04 3.732338e-04 4.038656e-05 -6.205099e-06 2.027707e-05 1.425343e-05
C8 3.733019e-04 3.713676e-04 4.016269e-05 -5.041660e-06 1.865595e-05 2.246061e-05
C9 3.337140e-04 3.493468e-04 4.441626e-05 5.558661e-06 2.169740e-05 3.510198e-05
C10 3.368664e-04 3.814449e-04 4.047614e-05 5.687963e-06 8.892210e-06 1.594689e-05
N1 3.782088e-04 4.060784e-04 4.405809e-05 2.844115e-06 1.372750e-05 -7.833883e-05
N2 3.782088e-04 4.060784e-04 4.405809e-05 -2.844114e-06 1.372750e-05 7.833883e-05

90 K
U*_11 U*_22 U*_33 U*_23 U*_13 U*_12
Cl1 4.838434e-04 6.781658e-04 5.368473e-05 -1.874442e-05 -2.584500e-05 -5.159615e-05
Cl2 6.586490e-04 5.897094e-04 5.399797e-05 5.261390e-05 3.561122e-05 -6.983007e-06
Cl3 4.441043e-04 4.434017e-04 7.584788e-05 -2.120050e-05 5.161682e-05 -1.195735e-04
Cl4 4.673634e-04 7.102639e-04 5.386383e-05 -1.357357e-05 -2.675881e-05 -2.503240e-05
Cl5 6.612688e-04 5.617168e-04 5.363976e-05 4.627957e-05 3.844376e-05 -2.579704e-05
Cl6 4.838434e-04 6.781658e-04 5.368473e-05 1.874443e-05 -2.584500e-05 5.159615e-05
Cl7 6.586490e-04 5.897094e-04 5.399797e-05 -5.261390e-05 3.561122e-05 6.983007e-06
Cl8 4.441043e-04 4.434017e-04 7.584788e-05 2.120050e-05 5.161682e-05 1.195735e-04
Cl9 4.673634e-04 7.102639e-04 5.386383e-05 1.357357e-05 -2.675881e-05 2.503240e-05
Cl10 6.612688e-04 5.617168e-04 5.363976e-05 -4.627957e-05 3.844376e-05 2.579704e-05
C1 3.769990e-04 4.318315e-04 4.392377e-05 -5.817214e-06 1.077022e-05 -2.979355e-05
C2 3.980206e-04 4.071981e-04 4.423716e-05 6.334370e-06 2.286235e-05 -1.273709e-05
C3 4.088607e-04 4.057051e-04 4.401329e-05 5.041661e-06 2.099002e-05 -2.282327e-05
C4 3.646176e-04 3.810717e-04 4.884893e-05 -6.851383e-06 2.445295e-05 -3.648439e-05
C5 3.677637e-04 4.165289e-04 4.437152e-05 -7.109961e-06 1.011856e-05 -1.485642e-05
C6 3.769990e-04 4.318315e-04 4.392377e-05 5.817214e-06 1.077022e-05 2.979355e-05
C7 3.980206e-04 4.071981e-04 4.423716e-05 -6.334369e-06 2.286235e-05 1.273709e-05
C8 4.088607e-04 4.057051e-04 4.401329e-05 -5.041660e-06 2.099002e-05 2.282327e-05
C9 3.646176e-04 3.810717e-04 4.884893e-05 6.851384e-06 2.445295e-05 3.648439e-05
C10 3.677637e-04 4.165289e-04 4.437152e-05 7.109962e-06 1.011856e-05 1.485642e-05
N1 4.132564e-04 4.430285e-04 4.840121e-05 2.327035e-06 1.568388e-05 -8.512949e-05
N2 4.132564e-04 4.430285e-04 4.840121e-05 -2.327035e-06 1.568388e-05 8.512949e-05

100 K
U*_11 U*_22 U*_33 U*_23 U*_13 U*_12
Cl1 5.307778e-04 7.449746e-04 5.883381e-05 -2.081278e-05 -2.862894e-05 -5.663674e-05
Cl2 7.233837e-04 6.471874e-04 5.919180e-05 5.804334e-05 3.925607e-05 -7.124431e-06
Cl3 4.863188e-04 4.852039e-04 8.328044e-05 -2.365665e-05 5.690210e-05 -1.313390e-04
Cl4 5.120674e-04 7.804318e-04 5.905769e-05 -1.512483e-05 -2.964560e-05 -2.727155e-05
Cl5 7.264719e-04 6.165822e-04 5.878882e-05 5.093339e-05 4.219146e-05 -2.814601e-05
Cl6 5.307778e-04 7.449746e-04 5.883381e-05 2.081278e-05 -2.862894e-05 5.663674e-05
Cl7 7.233837e-04 6.471874e-04 5.919180e-05 -5.804334e-05 3.925607e-05 7.124431e-06
Cl8 4.863188e-04 4.852039e-04 8.328044e-05 2.365666e-05 5.690210e-05 1.313390e-04
Cl9 5.120674e-04 7.804318e-04 5.905769e-05 1.512483e-05 -2.964560e-05 2.727155e-05
Cl10 7.264719e-04 6.165822e-04 5.878882e-05 -5.093339e-05 4.219146e-05 2.814601e-05
C1 4.092943e-04 4.691549e-04 4.777438e-05 -6.980664e-06 1.197381e-05 -3.111026e-05
C2 4.324368e-04 4.415356e-04 4.813254e-05 6.334367e-06 2.547040e-05 -1.128646e-05
C3 4.447834e-04 4.404159e-04 4.790867e-05 5.041661e-06 2.334684e-05 -2.282327e-05
C4 3.955212e-04 4.127966e-04 5.328160e-05 -8.273378e-06 2.720851e-05 -3.793252e-05
C5 3.990250e-04 4.519861e-04 4.831168e-05 -8.531960e-06 1.136768e-05 -1.376595e-05
C6 4.092943e-04 4.691549e-04 4.777438e-05 6.980664e-06 1.197381e-05 3.111026e-05
C7 4.324368e-04 4.415356e-04 4.813254e-05 -6.334367e-06 2.547040e-05 1.128646e-05
C8 4.447834e-04 4.404159e-04 4.790867e-05 -5.041660e-06 2.334684e-05 2.282327e-05
C9 3.955212e-04 4.127966e-04 5.328160e-05 8.273378e-06 2.720851e-05 3.793252e-05
C10 3.990250e-04 4.519861e-04 4.831168e-05 8.531960e-06 1.136768e-05 1.376595e-05
N1 4.486679e-04 4.803519e-04 5.278911e-05 1.809956e-06 1.766301e-05 -9.192015e-05
N2 4.486679e-04 4.803519e-04 5.278911e-05 -1.809955e-06 1.766301e-05 9.192015e-05

110 K
U*_11 U*_22 U*_33 U*_23 U*_13 U*_12
Cl1 5.775961e-04 8.121567e-04 6.402767e-05 -2.288113e-05 -3.151573e-05 -6.203998e-05
Cl2 7.887185e-04 7.054118e-04 6.447518e-05 6.347278e-05 4.282082e-05 -7.628511e-06
Cl3 5.292612e-04 5.277526e-04 9.080254e-05 -2.598354e-05 6.223289e-05 -1.430388e-04
Cl4 5.570077e-04 8.513462e-04 6.429632e-05 -1.667610e-05 -3.263524e-05 -2.951070e-05
Cl5 7.921552e-04 6.714476e-04 6.393788e-05 5.571647e-05 4.606476e-05 -3.079193e-05
Cl6 5.775961e-04 8.121567e-04 6.402767e-05 2.288113e-05 -3.151573e-05 6.203998e-05
Cl7 7.887185e-04 7.054118e-04 6.447518e-05 -6.347278e-05 4.282082e-05 7.628511e-06
Cl8 5.292612e-04 5.277526e-04 9.080254e-05 2.598354e-05 6.223289e-05 1.430388e-04
Cl9 5.570077e-04 8.513462e-04 6.429632e-05 1.667610e-05 -3.263524e-05 2.951070e-05
Cl10 7.921552e-04 6.714476e-04 6.393788e-05 -5.571647e-05 4.606476e-05 3.079193e-05
C1 4.423058e-04 5.072247e-04 5.166976e-05 -8.014842e-06 1.320016e-05 -3.199859e-05
C2 4.672170e-04 4.758731e-04 5.207269e-05 6.463638e-06 2.810121e-05 -1.013278e-05
C3 4.809308e-04 4.751266e-04 5.180405e-05 5.041662e-06 2.557806e-05 -2.354858e-05
C4 4.267771e-04 4.448947e-04 5.771427e-05 -9.566100e-06 2.996406e-05 -3.967759e-05
C5 4.306386e-04 4.878165e-04 5.225183e-05 -9.953958e-06 1.261679e-05 -1.267548e-05
C6 4.423058e-04 5.072247e-04 5.166976e-05 8.014843e-06 1.320016e-05 3.199859e-05
C7 4.672170e-04 4.758731e-04 5.207269e-05 -6.463637e-06 2.810121e-05 1.013278e-05
C8 4.809308e-04 4.751266e-04 5.180405e-05 -5.041661e-06 2.557806e-05 2.354858e-05
C9 4.267771e-04 4.448947e-04 5.771427e-05 9.566100e-06 2.996406e-05 3.967759e-05
C10 4.306386e-04 4.878165e-04 5.225183e-05 9.953959e-06 1.261679e-05 1.267548e-05
N1 4.846680e-04 5.180485e-04 5.722178e-05 1.292877e-06 1.953929e-05 -9.907347e-05
N2 4.846680e-04 5.180485e-04 5.722178e-05 -1.292876e-06 1.953929e-05 9.907347e-05

120 K
U*_11 U*_22 U*_33 U*_23 U*_13 U*_12
Cl1 6.251308e-04 8.800852e-04 6.926629e-05 -2.494948e-05 -3.437977e-05 -6.708057e-05
Cl2 8.547466e-04 7.640095e-04 6.971379e-05 6.890223e-05 4.636282e-05 -8.132592e-06
Cl3 5.722151e-04 5.703012e-04 9.836942e-05 -2.843970e-05 6.758645e-05 -1.551670e-04
Cl4 6.026528e-04 9.226339e-04 6.953495e-05 -1.822736e-05 -3.562488e-05 -3.211251e-05
Cl5 8.582139e-04 7.270594e-04 6.917649e-05 6.049956e-05 4.998358e-05 -3.307518e-05
Cl6 6.251308e-04 8.800852e-04 6.926629e-05 2.494948e-05 -3.437977e-05 6.708057e-05
Cl7 8.547466e-04 7.640095e-04 6.971379e-05 -6.890222e-05 4.636282e-05 8.132592e-06
Cl8 5.722151e-04 5.703012e-04 9.836942e-05 2.843970e-05 6.758645e-05 1.551670e-04
Cl9 6.026528e-04 9.226339e-04 6.953495e-05 1.822737e-05 -3.562488e-05 3.211251e-05
Cl10 8.582139e-04 7.270594e-04 6.917649e-05 -6.049955e-05 4.998358e-05 3.307518e-05
C1 4.749766e-04 5.449213e-04 5.560991e-05 -9.178292e-06 1.444927e-05 -3.331530e-05
C2 5.023496e-04 5.109570e-04 5.601284e-05 6.592909e-06 3.073201e-05 -8.979104e-06
C3 5.175699e-04 5.105838e-04 5.574420e-05 5.170935e-06 2.795764e-05 -2.384553e-05
C4 4.583970e-04 4.769928e-04 6.219171e-05 -1.085882e-05 3.274237e-05 -4.142266e-05
C5 4.621245e-04 5.240202e-04 5.619199e-05 -1.124668e-05 1.374029e-05 -1.151930e-05
C6 4.749766e-04 5.449213e-04 5.560991e-05 9.178293e-06 1.444927e-05 3.331530e-05
C7 5.023496e-04 5.109570e-04 5.601284e-05 -6.592908e-06 3.073201e-05 8.979104e-06
C8 5.175699e-04 5.105838e-04 5.574420e-05 -5.170934e-06 2.795764e-05 2.384553e-05
C9 4.583970e-04 4.769928e-04 6.219171e-05 1.085882e-05 3.274237e-05 4.142266e-05
C10 4.621245e-04 5.240202e-04 5.619199e-05 1.124669e-05 1.374029e-05 1.151930e-05
N1 5.206797e-04 5.561183e-04 6.169923e-05 9.050708e-07 2.143834e-05 -1.061611e-04
N2 5.206797e-04 5.561183e-04 6.169923e-05 -9.050700e-07 2.143834e-05 1.061611e-04

130 K
U*_11 U*_22 U*_33 U*_23 U*_13 U*_12
Cl1 6.730178e-04 9.483870e-04 7.450492e-05 -2.701783e-05 -3.724381e-05 -7.248381e-05
Cl2 9.207978e-04 8.226072e-04 7.504195e-05 7.446094e-05 4.995033e-05 -8.570962e-06
Cl3 6.155330e-04 6.135963e-04 1.059811e-04 -3.089586e-05 7.296276e-05 -1.672952e-04
Cl4 6.486618e-04 9.942948e-04 7.481835e-05 -1.977863e-05 -3.859176e-05 -3.435166e-05
Cl5 9.244974e-04 7.826712e-04 7.441509e-05 6.528264e-05 5.377679e-05 -3.572110e-05
Cl6 6.730178e-04 9.483870e-04 7.450492e-05 2.701783e-05 -3.724381e-05 7.248381e-05
Cl7 9.207978e-04 8.226072e-04 7.504195e-05 -7.446094e-05 4.995033e-05 8.570962e-06
Cl8 6.155330e-04 6.135963e-04 1.059811e-04 3.089586e-05 7.296276e-05 1.672952e-04
Cl9 6.486618e-04 9.942948e-04 7.481835e-05 1.977863e-05 -3.859176e-05 3.435166e-05
Cl10 9.244974e-04 7.826712e-04 7.441509e-05 -6.528264e-05 5.377679e-05 3.572110e-05
C1 5.082244e-04 5.833644e-04 5.955007e-05 -1.021247e-05 1.557277e-05 -3.456629e-05
C2 5.377184e-04 5.460410e-04 5.999776e-05 6.722180e-06 3.325996e-05 -7.825424e-06
C3 5.540812e-04 5.456678e-04 5.968435e-05 5.170935e-06 3.021162e-05 -2.420818e-05
C4 4.898892e-04 5.098373e-04 6.666916e-05 -1.215154e-05 3.539508e-05 -4.316774e-05
C5 4.939744e-04 5.602239e-04 6.017691e-05 -1.266868e-05 1.488655e-05 -1.079148e-05
C6 5.082244e-04 5.833644e-04 5.955007e-05 1.021247e-05 1.557277e-05 3.456629e-05
C7 5.377184e-04 5.460410e-04 5.999776e-05 -6.722179e-06 3.325996e-05 7.825424e-06
C8 5.540812e-04 5.456678e-04 5.968435e-05 -5.170935e-06 3.021162e-05 2.420818e-05
C9 4.898892e-04 5.098373e-04 6.666916e-05 1.215154e-05 3.539508e-05 4.316774e-05
C10 4.939744e-04 5.602239e-04 6.017691e-05 1.266868e-05 1.488655e-05 1.079148e-05
N1 5.570438e-04 5.949346e-04 6.617667e-05 5.172649e-07 2.333738e-05 -1.136113e-04
N2 5.570438e-04 5.949346e-04 6.617667e-05 -5.172641e-07 2.333738e-05 1.136113e-04

140 K
U*_11 U*_22 U*_33 U*_23 U*_13 U*_12
Cl1 7.207887e-04 1.016689e-03 7.978833e-05 -2.908618e-05 -4.021069e-05 -7.788705e-05
Cl2 9.873290e-04 8.819514e-04 8.037011e-05 8.001966e-05 5.366345e-05 -9.371989e-06
Cl3 6.592033e-04 6.565182e-04 1.135927e-04 -3.322274e-05 7.833907e-05 -1.797204e-04
Cl4 6.946824e-04 1.066329e-03 8.014653e-05 -2.132990e-05 -4.153588e-05 -3.695346e-05
Cl5 9.916249e-04 8.390295e-04 7.969848e-05 7.006572e-05 5.771837e-05 -3.836701e-05
Cl6 7.207887e-04 1.016689e-03 7.978833e-05 2.908618e-05 -4.021069e-05 7.788705e-05
Cl7 9.873290e-04 8.819514e-04 8.037011e-05 -8.001966e-05 5.366345e-05 9.371989e-06
Cl8 6.592033e-04 6.565182e-04 1.135927e-04 3.322274e-05 7.833907e-05 1.797204e-04
Cl9 6.946824e-04 1.066329e-03 8.014653e-05 2.132990e-05 -4.153588e-05 3.695346e-05
Cl10 9.916249e-04 8.390295e-04 7.969848e-05 -7.006572e-05 5.771837e-05 3.836701e-05
C1 5.414722e-04 6.218075e-04 6.349022e-05 -1.137592e-05 1.669627e-05 -3.588300e-05
C2 5.728625e-04 5.811250e-04 6.398268e-05 6.980723e-06 3.591353e-05 -6.606034e-06
C3 5.909565e-04 5.814982e-04 6.366927e-05 5.300209e-06 3.248835e-05 -2.486778e-05
C4 5.218730e-04 5.423087e-04 7.119138e-05 -1.344426e-05 3.819615e-05 -4.527547e-05
C5 5.258243e-04 5.964276e-04 6.416184e-05 -1.396141e-05 1.603281e-05 -9.997957e-06
C6 5.414722e-04 6.218075e-04 6.349022e-05 1.137592e-05 1.669627e-05 3.588300e-05
C7 5.728625e-04 5.811250e-04 6.398268e-05 -6.980722e-06 3.591353e-05 6.606034e-06
C8 5.909565e-04 5.814982e-04 6.366927e-05 -5.300208e-06 3.248835e-05 2.486778e-05
C9 5.218730e-04 5.423087e-04 7.119138e-05 1.344426e-05 3.819615e-05 4.527547e-05
C10 5.258243e-04 5.964276e-04 6.416184e-05 1.396141e-05 1.603281e-05 9.997957e-06
N1 5.937603e-04 6.333777e-04 7.065412e-05 1.294591e-07 2.523642e-05 -1.210616e-04
N2 5.937603e-04 6.333777e-04 7.065412e-05 -1.294582e-07 2.523642e-05 1.210616e-04

150 K
U*_11 U*_22 U*_33 U*_23 U*_13 U*_12
Cl1 7.689120e-04 1.085364e-03 8.507173e-05 -3.115453e-05 -4.317758e-05 -8.329030e-05
Cl2 1.054085e-03 9.412956e-04 8.569826e-05 8.557837e-05 5.725096e-05 -9.810359e-06
Cl3 7.028967e-04 7.001866e-04 1.212939e-04 -3.567890e-05 8.376090e-05 -1.922112e-04
Cl4 7.409277e-04 1.138363e-03 8.547470e-05 -2.288116e-05 -4.460562e-05 -3.955527e-05
Cl5 1.058400e-03 8.950146e-04 8.498186e-05 7.497808e-05 6.165995e-05 -4.094722e-05
Cl6 7.689120e-04 1.085364e-03 8.507173e-05 3.115453e-05 -4.317758e-05 8.329030e-05
Cl7 1.054085e-03 9.412956e-04 8.569826e-05 -8.557837e-05 5.725096e-05 9.810359e-06
Cl8 7.028967e-04 7.001866e-04 1.212939e-04 3.567890e-05 8.376090e-05 1.922112e-04
Cl9 7.409277e-04 1.138363e-03 8.547470e-05 2.288116e-05 -4.460562e-05 3.955527e-05
Cl10 1.058400e-03 8.950146e-04 8.498186e-05 -7.497808e-05 6.165995e-05 4.094722e-05
C1 5.748477e-04 6.602506e-04 6.743038e-05 -1.241010e-05 1.794538e-05 -3.749665e-05
C2 6.085837e-04 6.165822e-04 6.796761e-05 7.109994e-06 3.844148e-05 -5.815010e-06
C3 6.274679e-04 6.169554e-04 6.760942e-05 5.429482e-06 3.474233e-05 -2.552739e-05
C4 5.537292e-04 5.751533e-04 7.571359e-05 -1.460771e-05 4.087161e-05 -4.695483e-05
C5 5.580381e-04 6.330045e-04 6.819155e-05 -1.538341e-05 1.720183e-05 -9.632799e-06
C6 5.748477e-04 6.602506e-04 6.743038e-05 1.241010e-05 1.794538e-05 3.749665e-05
C7 6.085837e-04 6.165822e-04 6.796761e-05 -7.109993e-06 3.844148e-05 5.815010e-06
C8 6.274679e-04 6.169554e-04 6.760942e-05 -5.429481e-06 3.474233e-05 2.552739e-05
C9 5.537292e-04 5.751533e-04 7.571359e-05 1.460771e-05 4.087161e-05 4.695483e-05
C10 5.580381e-04 6.330045e-04 6.819155e-05 1.538341e-05 1.720183e-05 9.632799e-06
N1 6.304883e-04 6.725673e-04 7.517634e-05 -2.583462e-07 2.715822e-05 -1.288745e-04
N2 6.304883e-04 6.725673e-04 7.517634e-05 2.583472e-07 2.715822e-05 1.288745e-04

160 K
U*_11 U*_22 U*_33 U*_23 U*_13 U*_12
Cl1 8.171746e-04 1.154412e-03 9.039991e-05 -3.309361e-05 -4.599609e-05 -8.862783e-05
Cl2 1.120852e-03 1.000640e-03 9.107119e-05 9.113709e-05 6.086123e-05 -1.061139e-05
Cl3 7.465785e-04 7.434817e-04 1.289504e-04 -3.800578e-05 8.915998e-05 -2.046363e-04
Cl4 7.871729e-04 1.210770e-03 9.080288e-05 -2.430315e-05 -4.767535e-05 -4.172871e-05
Cl5 1.125752e-03 9.517461e-04 9.026524e-05 7.976117e-05 6.547591e-05 -4.395579e-05
Cl6 8.171746e-04 1.154412e-03 9.039991e-05 3.309361e-05 -4.599609e-05 8.862783e-05
Cl7 1.120852e-03 1.000640e-03 9.107119e-05 -9.113709e-05 6.086123e-05 1.061139e-05
Cl8 7.465785e-04 7.434817e-04 1.289504e-04 3.800578e-05 8.915998e-05 2.046363e-04
Cl9 7.871729e-04 1.210770e-03 9.080288e-05 2.430316e-05 -4.767535e-05 4.172871e-05
Cl10 1.125752e-03 9.517461e-04 9.026524e-05 -7.976116e-05 6.547591e-05 4.395579e-05
C1 6.084595e-04 6.990669e-04 7.141531e-05 -1.344427e-05 1.909164e-05 -3.874765e-05
C2 6.439525e-04 6.524126e-04 7.195253e-05 7.239265e-06 4.096944e-05 -5.023987e-06
C3 6.646956e-04 6.527859e-04 7.159435e-05 5.429483e-06 3.701906e-05 -2.625270e-05
C4 5.859377e-04 6.083711e-04 8.023581e-05 -1.590043e-05 4.354707e-05 -4.906256e-05
C5 5.902403e-04 6.699546e-04 7.217648e-05 -1.667613e-05 1.834809e-05 -8.839275e-06
C6 6.084595e-04 6.990669e-04 7.141531e-05 1.344428e-05 1.909164e-05 3.874765e-05
C7 6.439525e-04 6.524126e-04 7.195253e-05 -7.239264e-06 4.096944e-05 5.023987e-06
C8 6.646956e-04 6.527859e-04 7.159435e-05 -5.429483e-06 3.701906e-05 2.625270e-05
C9 5.859377e-04 6.083711e-04 8.023581e-05 1.590044e-05 4.354707e-05 4.906256e-05
C10 5.902403e-04 6.699546e-04 7.217648e-05 1.667613e-05 1.834809e-05 8.839275e-06
N1 6.670887e-04 7.117568e-04 7.969856e-05 -5.168797e-07 2.895441e-05 -1.362591e-04
N2 6.670887e-04 7.117568e-04 7.969856e-05 5.168807e-07 2.895441e-05 1.362591e-04

170 K
U*_11 U*_22 U*_33 U*_23 U*_13 U*_12
Cl1 8.656618e-04 1.223460e-03 9.572808e-05 -3.516196e-05 -4.894022e-05 -9.403107e-05
Cl2 1.187972e-03 1.060357e-03 9.644413e-05 9.669581e-05 6.447150e-05 -1.104976e-05
Cl3 7.906243e-04 7.875233e-04 1.366516e-04 -4.046194e-05 9.458181e-05 -2.171272e-04
Cl4 8.337821e-04 1.283551e-03 9.617583e-05 -2.585442e-05 -5.072232e-05 -4.433051e-05
Cl5 1.193244e-03 1.008104e-03 9.559340e-05 8.467352e-05 6.944025e-05 -4.653599e-05
Cl6 8.656618e-04 1.223460e-03 9.572808e-05 3.516196e-05 -4.894022e-05 9.403107e-05
Cl7 1.187972e-03 1.060357e-03 9.644413e-05 -9.669580e-05 6.447150e-05 1.104976e-05
Cl8 7.906243e-04 7.875233e-04 1.366516e-04 4.046194e-05 9.458181e-05 2.171272e-04
Cl9 8.337821e-04 1.283551e-03 9.617583e-05 2.585442e-05 -5.072232e-05 4.433051e-05
Cl10 1.193244e-03 1.008104e-03 9.559340e-05 -8.467352e-05 6.944025e-05 4.653599e-05
C1 6.420713e-04 7.375099e-04 7.540024e-05 -1.460772e-05 2.023790e-05 -4.042701e-05
C2 6.796737e-04 6.882431e-04 7.593746e-05 7.497809e-06 4.349739e-05 -4.167253e-06
C3 7.015825e-04 6.889896e-04 7.562405e-05 5.558757e-06 3.931856e-05 -2.691230e-05
C4 6.179215e-04 6.412156e-04 8.475803e-05 -1.706388e-05 4.634814e-05 -5.110457e-05
C5 6.224542e-04 7.069048e-04 7.620618e-05 -1.796886e-05 1.951711e-05 -8.408407e-06
C6 6.420713e-04 7.375099e-04 7.540024e-05 1.460772e-05 2.023790e-05 4.042701e-05
C7 6.796737e-04 6.882431e-04 7.593746e-05 -7.497808e-06 4.349739e-05 4.167253e-06
C8 7.015825e-04 6.889896e-04 7.562405e-05 -5.558756e-06 3.931856e-05 2.691230e-05
C9 6.179215e-04 6.412156e-04 8.475803e-05 1.706388e-05 4.634814e-05 5.110457e-05
C10 6.224542e-04 7.069048e-04 7.620618e-05 1.796886e-05 1.951711e-05 8.408407e-06
N1 7.044053e-04 7.509464e-04 8.426556e-05 -7.754127e-07 3.077336e-05 -1.440063e-04
N2 7.044053e-04 7.509464e-04 8.426556e-05 7.754137e-07 3.077336e-05 1.440063e-04

180 K
U*_11 U*_22 U*_33 U*_23 U*_13 U*_12
Cl1 9.141491e-04 1.292882e-03 1.010563e-04 -3.723031e-05 -5.188435e-05 -9.943432e-05
Cl2 1.255584e-03 1.120075e-03 1.018618e-04 1.023838e-04 6.823014e-05 -1.178507e-05
Cl3 8.345540e-04 8.311916e-04 1.443975e-04 -4.278883e-05 9.990079e-05 -2.295523e-04
Cl4 8.803914e-04 1.356332e-03 1.015488e-04 -2.740569e-05 -5.376930e-05 -4.693232e-05
Cl5 1.260735e-03 1.064836e-03 1.009216e-04 8.958588e-05 7.340459e-05 -4.911620e-05
Cl6 9.141491e-04 1.292882e-03 1.010563e-04 3.723031e-05 -5.188435e-05 9.943431e-05
Cl7 1.255584e-03 1.120075e-03 1.018618e-04 -1.023838e-04 6.823014e-05 1.178507e-05
Cl8 8.345540e-04 8.311916e-04 1.443975e-04 4.278883e-05 9.990079e-05 2.295523e-04
Cl9 8.803914e-04 1.356332e-03 1.015488e-04 2.740569e-05 -5.376930e-05 4.693232e-05
Cl10 1.260735e-03 1.064836e-03 1.009216e-04 -8.958588e-05 7.340459e-05 4.911620e-05
C1 6.756831e-04 7.766995e-04 7.938517e-05 -1.564190e-05 2.138416e-05 -4.204066e-05
C2 7.155341e-04 7.240735e-04 7.996716e-05 7.756352e-06 4.617371e-05 -3.310519e-06
C3 7.388102e-04 7.248200e-04 7.960898e-05 5.688030e-06 4.159529e-05 -2.757191e-05
C4 6.501300e-04 6.744334e-04 8.928025e-05 -1.835660e-05 4.902360e-05 -5.321230e-05
C5 6.548927e-04 7.438549e-04 8.023588e-05 -1.913231e-05 2.056052e-05 -7.911830e-06
C6 6.756831e-04 7.766995e-04 7.938517e-05 1.564190e-05 2.138416e-05 4.204066e-05
C7 7.155341e-04 7.240735e-04 7.996716e-05 -7.756351e-06 4.617371e-05 3.310519e-06
C8 7.388102e-04 7.248200e-04 7.960898e-05 -5.688029e-06 4.159529e-05 2.757191e-05
C9 6.501300e-04 6.744334e-04 8.928025e-05 1.835661e-05 4.902360e-05 5.321230e-05
C10 6.548927e-04 7.438549e-04 8.023588e-05 1.913231e-05 2.056052e-05 7.911829e-06
N1 7.413580e-04 7.905091e-04 8.878778e-05 -1.163217e-06 3.256956e-05 -1.521819e-04
N2 7.413580e-04 7.905091e-04 8.878778e-05 1.163219e-06 3.256956e-05 1.521819e-04

190 K
U*_11 U*_22 U*_33 U*_23 U*_13 U*_12
Cl1 9.628725e-04 1.361930e-03 1.064292e-04 -3.929866e-05 -5.493133e-05 -1.048376e-04
Cl2 1.322704e-03 1.180165e-03 1.072348e-04 1.079425e-04 7.184041e-05 -1.222344e-05
Cl3 8.789637e-04 8.752332e-04 1.521435e-04 -4.524498e-05 1.053454e-04 -2.420432e-04
Cl4 9.270121e-04 1.429112e-03 1.069665e-04 -2.895695e-05 -5.679351e-05 -4.953413e-05
Cl5 1.328463e-03 1.121941e-03 1.062945e-04 9.449824e-05 7.726607e-05 -5.169640e-05
Cl6 9.628725e-04 1.361930e-03 1.064292e-04 3.929866e-05 -5.493133e-05 1.048376e-04
Cl7 1.322704e-03 1.180165e-03 1.072348e-04 -1.079425e-04 7.184041e-05 1.222344e-05
Cl8 8.789637e-04 8.752332e-04 1.521435e-04 4.524498e-05 1.053454e-04 2.420432e-04
Cl9 9.270121e-04 1.429112e-03 1.069665e-04 2.895695e-05 -5.679351e-05 4.953413e-05
Cl10 1.328463e-03 1.121941e-03 1.062945e-04 -9.449824e-05 7.726607e-05 5.169640e-05
C1 7.092948e-04 8.155158e-04 8.337009e-05 -1.667608e-05 2.253042e-05 -4.329165e-05
C2 7.514916e-04 7.599040e-04 8.399686e-05 8.014896e-06 4.859882e-05 -2.816442e-06
C3 7.760378e-04 7.610237e-04 8.359390e-05 5.946577e-06 4.387202e-05 -2.852846e-05
C4 6.827025e-04 7.080245e-04 9.384724e-05 -1.952005e-05 5.172182e-05 -5.561698e-05
C5 6.874589e-04 7.808051e-04 8.426559e-05 -2.042503e-05 2.172954e-05 -7.480962e-06
C6 7.092948e-04 8.155158e-04 8.337009e-05 1.667608e-05 2.253042e-05 4.329165e-05
C7 7.514916e-04 7.599040e-04 8.399686e-05 -8.014895e-06 4.859882e-05 2.816442e-06
C8 7.760378e-04 7.610237e-04 8.359390e-05 -5.946576e-06 4.387202e-05 2.852846e-05
C9 6.827025e-04 7.080245e-04 9.384724e-05 1.952005e-05 5.172182e-05 5.561698e-05
C10 6.874589e-04 7.808051e-04 8.426559e-05 2.042504e-05 2.172954e-05 7.480962e-06
N1 7.786747e-04 8.300719e-04 9.335478e-05 -1.421750e-06 3.438851e-05 -1.599291e-04
N2 7.786747e-04 8.300719e-04 9.335478e-05 1.421752e-06 3.438851e-05 1.599291e-04

200 K
U*_11 U*_22 U*_33 U*_23 U*_13 U*_12
Cl1 1.011360e-03 1.431725e-03 1.117574e-04 -4.136701e-05 -5.787545e-05 -1.102408e-04
Cl2 1.390188e-03 1.239883e-03 1.126525e-04 1.136305e-04 7.547343e-05 -1.295876e-05
Cl3 9.233734e-04 9.192748e-04 1.598895e-04 -4.757187e-05 1.107900e-04 -2.544683e-04
Cl4 9.739737e-04 1.502266e-03 1.123395e-04 -3.050822e-05 -5.984049e-05 -5.213593e-05
Cl5 1.395954e-03 1.178672e-03 1.116226e-04 9.941059e-05 8.123041e-05 -5.463926e-05
Cl6 1.011360e-03 1.431725e-03 1.117574e-04 4.136701e-05 -5.787545e-05 1.102408e-04
Cl7 1.390188e-03 1.239883e-03 1.126525e-04 -1.136305e-04 7.547343e-05 1.295876e-05
Cl8 9.233734e-04 9.192748e-04 1.598895e-04 4.757187e-05 1.107900e-04 2.544683e-04
Cl9 9.739737e-04 1.502266e-03 1.123395e-04 3.050822e-05 -5.984049e-05 5.213593e-05
Cl10 1.395954e-03 1.178672e-03 1.116226e-04 -9.941059e-05 8.123041e-05 5.463926e-05
C1 7.432705e-04 8.547054e-04 8.739980e-05 -1.771026e-05 2.369943e-05 -4.490531e-05
C2 7.872243e-04 7.961076e-04 8.802656e-05 8.273440e-06 5.114953e-05 -1.959709e-06
C3 8.135018e-04 7.972273e-04 8.762360e-05 6.075850e-06 4.604591e-05 -2.918806e-05
C4 7.149110e-04 7.412423e-04 9.836946e-05 -2.068350e-05 5.439729e-05 -5.765900e-05
C5 7.198974e-04 8.181284e-04 8.829529e-05 -2.171776e-05 2.277296e-05 -7.050094e-06
C6 7.432705e-04 8.547054e-04 8.739980e-05 1.771026e-05 2.369943e-05 4.490531e-05
C7 7.872243e-04 7.961076e-04 8.802656e-05 -8.273439e-06 5.114953e-05 1.959709e-06
C8 8.135018e-04 7.972273e-04 8.762360e-05 -6.075849e-06 4.604591e-05 2.918806e-05
C9 7.149110e-04 7.412423e-04 9.836946e-05 2.068350e-05 5.439729e-05 5.765900e-05
C10 7.198974e-04 8.181284e-04 8.829529e-05 2.171776e-05 2.277296e-05 7.050094e-06
N1 8.159798e-04 8.696347e-04 9.787700e-05 -1.680283e-06 3.618470e-05 -1.680389e-04
N2 8.159798e-04 8.696347e-04 9.787700e-05 1.680284e-06 3.618470e-05 1.680389e-04

210 K
U*_11 U*_22 U*_33 U*_23 U*_13 U*_12
Cl1 1.060211e-03 1.501146e-03 1.171303e-04 -4.343536e-05 -6.079682e-05 -1.156440e-04
Cl2 1.457672e-03 1.299973e-03 1.180702e-04 1.191892e-04 7.910646e-05 -1.339713e-05
Cl3 9.674308e-04 9.633164e-04 1.676355e-04 -5.002802e-05 1.162346e-04 -2.669592e-04
Cl4 1.020947e-03 1.575420e-03 1.177572e-04 -3.193021e-05 -6.286470e-05 -5.467203e-05
Cl5 1.464162e-03 1.235777e-03 1.169956e-04 1.043230e-04 8.521751e-05 -5.721947e-05
Cl6 1.060211e-03 1.501146e-03 1.171303e-04 4.343536e-05 -6.079682e-05 1.156440e-04
Cl7 1.457672e-03 1.299973e-03 1.180702e-04 -1.191892e-04 7.910646e-05 1.339713e-05
Cl8 9.674308e-04 9.633164e-04 1.676355e-04 5.002803e-05 1.162346e-04 2.669592e-04
Cl9 1.020947e-03 1.575420e-03 1.177572e-04 3.193021e-05 -6.286470e-05 5.467203e-05
Cl10 1.464162e-03 1.235777e-03 1.169956e-04 -1.043229e-04 8.521751e-05 5.721947e-05
C1 7.768823e-04 8.938949e-04 9.138473e-05 -1.874443e-05 2.484569e-05 -4.688161e-05
C2 8.233094e-04 8.319381e-04 9.205626e-05 8.531984e-06 5.370024e-05 -1.465632e-06
C3 8.507410e-04 8.334310e-04 9.165330e-05 6.205124e-06 4.834540e-05 -3.021032e-05
C4 7.473558e-04 7.748333e-04 1.029365e-04 -2.184695e-05 5.696990e-05 -5.970102e-05
C5 7.528275e-04 8.550786e-04 9.236977e-05 -2.301048e-05 2.396473e-05 -6.619226e-06
C6 7.768823e-04 8.938949e-04 9.138473e-05 1.874443e-05 2.484569e-05 4.688161e-05
C7 8.233094e-04 8.319381e-04 9.205626e-05 -8.531983e-06 5.370024e-05 1.465632e-06
C8 8.507410e-04 8.334310e-04 9.165330e-05 -6.205123e-06 4.834540e-05 3.021032e-05
C9 7.473558e-04 7.748333e-04 1.029365e-04 2.184695e-05 5.696990e-05 5.970102e-05
C10 7.528275e-04 8.550786e-04 9.236977e-05 2.301049e-05 2.396473e-05 6.619226e-06
N1 8.536488e-04 9.095707e-04 1.024440e-04 -1.938816e-06 3.800365e-05 -1.757861e-04
N2 8.536488e-04 9.095707e-04 1.024440e-04 1.938817e-06 3.800365e-05 1.757861e-04

220 K
U*_11 U*_22 U*_33 U*_23 U*_13 U*_12
Cl1 1.109074e-03 1.570941e-03 1.225481e-04 -4.550371e-05 -6.369543e-05 -1.214099e-04
Cl2 1.525635e-03 1.360437e-03 1.234879e-04 1.248772e-04 8.286510e-05 -1.413245e-05
Cl3 1.012193e-03 1.007358e-03 1.753814e-04 -5.235491e-05 1.216791e-04 -2.797470e-04
Cl4 1.067920e-03 1.648574e-03 1.231749e-04 -3.348147e-05 -6.588892e-05 -5.727383e-05
Cl5 1.532017e-03 1.292882e-03 1.223685e-04 1.092353e-04 8.920460e-05 -5.979967e-05
Cl6 1.109074e-03 1.570941e-03 1.225481e-04 4.550371e-05 -6.369543e-05 1.214099e-04
Cl7 1.525635e-03 1.360437e-03 1.234879e-04 -1.248772e-04 8.286510e-05 1.413245e-05
Cl8 1.012193e-03 1.007358e-03 1.753814e-04 5.235491e-05 1.216791e-04 2.797470e-04
Cl9 1.067920e-03 1.648574e-03 1.231749e-04 3.348148e-05 -6.588892e-05 5.727383e-05
Cl10 1.532017e-03 1.292882e-03 1.223685e-04 -1.092353e-04 8.920460e-05 5.979967e-05
C1 8.107303e-04 9.330844e-04 9.541443e-05 -1.977861e-05 2.588910e-05 -4.849527e-05
C2 8.593946e-04 8.681418e-04 9.608596e-05 8.790528e-06 5.625096e-05 -9.715545e-07
C3 8.883211e-04 8.696347e-04 9.563823e-05 6.334398e-06 5.062213e-05 -3.123258e-05
C4 7.799283e-04 8.084244e-04 1.075034e-04 -2.301040e-05 5.966812e-05 -6.210569e-05
C5 7.856184e-04 8.924020e-04 9.639947e-05 -2.417394e-05 2.500814e-05 -6.485305e-06
C6 8.107303e-04 9.330844e-04 9.541443e-05 1.977861e-05 2.588910e-05 4.849527e-05
C7 8.593946e-04 8.681418e-04 9.608596e-05 -8.790527e-06 5.625096e-05 9.715544e-07
C8 8.883211e-04 8.696347e-04 9.563823e-05 -6.334397e-06 5.062213e-05 3.123258e-05
C9 7.799283e-04 8.084244e-04 1.075034e-04 2.301040e-05 5.966812e-05 6.210569e-05
C10 7.856184e-04 8.924020e-04 9.639947e-05 2.417394e-05 2.500814e-05 6.485305e-06
N1 8.909771e-04 9.495067e-04 1.070558e-04 -2.068076e-06 3.984536e-05 -1.838303e-04
N2 8.909771e-04 9.495067e-04 1.070558e-04 2.068077e-06 3.984536e-05 1.838303e-04

230 K
U*_11 U*_22 U*_33 U*_23 U*_13 U*_12
Cl1 1.157797e-03 1.640736e-03 1.279210e-04 -4.757206e-05 -6.674241e-05 -1.268132e-04
Cl2 1.593131e-03 1.420528e-03 1.289504e-04 1.304359e-04 8.652089e-05 -1.493347e-05
Cl3 1.056486e-03 1.051773e-03 1.831722e-04 -5.468179e-05 1.270209e-04 -2.921721e-04
Cl4 1.114893e-03 1.721727e-03 1.285926e-04 -3.503274e-05 -6.891313e-05 -5.951298e-05
Cl5 1.599745e-03 1.349987e-03 1.277414e-04 1.141477e-04 9.306609e-05 -6.274253e-05
Cl6 1.157797e-03 1.640736e-03 1.279210e-04 4.757207e-05 -6.674241e-05 1.268132e-04
Cl7 1.593131e-03 1.420528e-03 1.289504e-04 -1.304359e-04 8.652089e-05 1.493347e-05
Cl8 1.056486e-03 1.051773e-03 1.831722e-04 5.468180e-05 1.270209e-04 2.921721e-04
Cl9 1.114893e-03 1.721727e-03 1.285926e-04 3.503274e-05 -6.891313e-05 5.951298e-05
Cl10 1.599745e-03 1.349987e-03 1.277414e-04 -1.141477e-04 9.306609e-05 6.274253e-05
C1 8.446945e-04 9.722740e-04 9.939936e-05 -2.068351e-05 2.703536e-05 -5.004321e-05
C2 8.957044e-04 9.047187e-04 1.001157e-04 9.049072e-06 5.867606e-05 -4.774775e-07
C3 9.257851e-04 9.062116e-04 9.966793e-05 6.592944e-06 5.279602e-05 -3.182647e-05
C4 8.125007e-04 8.420154e-04 1.120704e-04 -2.417385e-05 6.236634e-05 -6.451037e-05
C5 8.180685e-04 9.300986e-04 1.004740e-04 -2.546666e-05 2.607431e-05 -6.054437e-06
C6 8.446945e-04 9.722740e-04 9.939936e-05 2.068351e-05 2.703536e-05 5.004321e-05
C7 8.957044e-04 9.047187e-04 1.001157e-04 -9.049071e-06 5.867606e-05 4.774774e-07
C8 9.257851e-04 9.062116e-04 9.966793e-05 -6.592943e-06 5.279602e-05 3.182647e-05
C9 8.125007e-04 8.420154e-04 1.120704e-04 2.417385e-05 6.236634e-05 6.451037e-05
C10 8.180685e-04 9.300986e-04 1.004740e-04 2.546666e-05 2.607431e-05 6.054437e-06
N1 9.286461e-04 9.894427e-04 1.116228e-04 -2.326608e-06 4.166431e-05 -1.919402e-04
N2 9.286461e-04 9.894427e-04 1.116228e-04 2.326610e-06 4.166431e-05 1.919402e-04

240 K
U*_11 U*_22 U*_33 U*_23 U*_13 U*_12
Cl1 1.207001e-03 1.710530e-03 1.332940e-04 -4.964041e-05 -6.966378e-05 -1.322164e-04
Cl2 1.660967e-03 1.480618e-03 1.343681e-04 1.361239e-04 9.015391e-05 -1.530613e-05
Cl3 1.100908e-03 1.095814e-03 1.909629e-04 -5.713795e-05 1.324882e-04 -3.050256e-04
Cl4 1.161866e-03 1.795254e-03 1.340104e-04 -3.658400e-05 -7.193735e-05 -6.211479e-05
Cl5 1.667964e-03 1.407465e-03 1.331591e-04 1.191893e-04 9.707594e-05 -6.525703e-05
Cl6 1.207001e-03 1.710530e-03 1.332940e-04 4.964042e-05 -6.966378e-05 1.322164e-04
Cl7 1.660967e-03 1.480618e-03 1.343681e-04 -1.361239e-04 9.015391e-05 1.530613e-05
Cl8 1.100908e-03 1.095814e-03 1.909629e-04 5.713795e-05 1.324882e-04 3.050256e-04
Cl9 1.161866e-03 1.795254e-03 1.340104e-04 3.658401e-05 -7.193735e-05 6.211479e-05
Cl10 1.667964e-03 1.407465e-03 1.331591e-04 -1.191893e-04 9.707594e-05 6.525703e-05
C1 8.790226e-04 1.011464e-03 1.034291e-04 -2.171769e-05 2.820438e-05 -5.165686e-05
C2 9.318011e-04 9.409224e-04 1.041901e-04 9.307617e-06 6.124953e-05 1.659960e-08
C3 9.633767e-04 9.427885e-04 1.036976e-04 6.722218e-06 5.509551e-05 -3.284873e-05
C4 8.450732e-04 8.756064e-04 1.166374e-04 -2.533730e-05 6.506456e-05 -6.691504e-05
C5 8.508709e-04 9.674220e-04 1.045484e-04 -2.663011e-05 2.714048e-05 -5.920516e-06
C6 8.790226e-04 1.011464e-03 1.034291e-04 2.171769e-05 2.820438e-05 5.165686e-05
C7 9.318011e-04 9.409224e-04 1.041901e-04 -9.307615e-06 6.124953e-05 -1.659971e-08
C8 9.633767e-04 9.427885e-04 1.036976e-04 -6.722217e-06 5.509551e-05 3.284873e-05
C9 8.450732e-04 8.756064e-04 1.166374e-04 2.533730e-05 6.506456e-05 6.691504e-05
C10 8.508709e-04 9.674220e-04 1.045484e-04 2.663012e-05 2.714048e-05 5.920516e-06
N1 9.661875e-04 1.029379e-03 1.161898e-04 -2.585141e-06 4.335765e-05 -2.000500e-04
N2 9.661875e-04 1.029379e-03 1.161898e-04 2.585142e-06 4.335765e-05 2.000500e-04

250 K
U*_11 U*_22 U*_33 U*_23 U*_13 U*_12
Cl1 1.255864e-03 1.780325e-03 1.387117e-04 -5.170876e-05 -7.256239e-05 -1.376197e-04
Cl2 1.728815e-03 1.541082e-03 1.398306e-04 1.418119e-04 9.380970e-05 -1.604145e-05
Cl3 1.145681e-03 1.140229e-03 1.987537e-04 -5.946484e-05 1.379556e-04 -3.174508e-04
Cl4 1.209064e-03 1.868408e-03 1.394281e-04 -3.800600e-05 -7.508717e-05 -6.465088e-05
Cl5 1.736172e-03 1.464569e-03 1.385321e-04 1.241017e-04 1.010630e-04 -6.783723e-05
Cl6 1.255864e-03 1.780325e-03 1.387117e-04 5.170877e-05 -7.256239e-05 1.376197e-04
Cl7 1.728815e-03 1.541082e-03 1.398305e-04 -1.418119e-04 9.380970e-05 1.604145e-05
Cl8 1.145681e-03 1.140229e-03 1.987537e-04 5.946484e-05 1.379556e-04 3.174508e-04
Cl9 1.209064e-03 1.868408e-03 1.394281e-04 3.800600e-05 -7.508717e-05 6.465088e-05
Cl10 1.736172e-03 1.464569e-03 1.385321e-04 -1.241016e-04 1.010630e-04 6.783723e-05
C1 9.128706e-04 1.051026e-03 1.074588e-04 -2.275187e-05 2.924778e-05 -5.363317e-05
C2 9.682386e-04 9.774993e-04 1.082198e-04 9.566161e-06 6.380025e-05 5.106767e-07
C3 1.000852e-03 9.793654e-04 1.077721e-04 6.980765e-06 5.729215e-05 -3.380528e-05
C4 8.775180e-04 9.091975e-04 1.212044e-04 -2.650074e-05 6.763717e-05 -6.895706e-05
C5 8.841535e-04 1.005119e-03 1.086229e-04 -2.792284e-05 2.833226e-05 -5.489649e-06
C6 9.128706e-04 1.051026e-03 1.074588e-04 2.275187e-05 2.924778e-05 5.363317e-05
C7 9.682386e-04 9.774993e-04 1.082198e-04 -9.566159e-06 6.380025e-05 -5.106768e-07
C8 1.000852e-03 9.793654e-04 1.077721e-04 -6.980763e-06 5.729215e-05 3.380528e-05
C9 8.775180e-04 9.091975e-04 1.212044e-04 2.650075e-05 6.763717e-05 6.895706e-05
C10 8.841535e-04 1.005119e-03 1.086229e-04 2.792284e-05 2.833226e-05 5.489648e-06
N1 1.004220e-03 1.069688e-03 1.208015e-04 -2.714401e-06 4.519935e-05 -2.080942e-04
N2 1.004220e-03 1.069688e-03 1.208015e-04 2.714402e-06 4.519935e-05 2.080942e-04

260 K
U*_11 U*_22 U*_33 U*_23 U*_13 U*_12
Cl1 1.304939e-03 1.850120e-03 1.440847e-04 -5.377712e-05 -7.560937e-05 -1.430229e-04
Cl2 1.796779e-03 1.601546e-03 1.452483e-04 1.473706e-04 9.756834e-05 -1.684248e-05
Cl3 1.190455e-03 1.184644e-03 2.065444e-04 -6.192099e-05 1.434229e-04 -3.303043e-04
Cl4 1.256037e-03 1.941935e-03 1.448458e-04 -3.955726e-05 -7.811139e-05 -6.725269e-05
Cl5 1.804263e-03 1.522047e-03 1.439498e-04 1.290140e-04 1.049473e-04 -7.078009e-05
Cl6 1.304939e-03 1.850120e-03 1.440847e-04 5.377712e-05 -7.560937e-05 1.430229e-04
Cl7 1.796779e-03 1.601546e-03 1.452483e-04 -1.473706e-04 9.756834e-05 1.684248e-05
Cl8 1.190455e-03 1.184644e-03 2.065444e-04 6.192099e-05 1.434229e-04 3.303043e-04
Cl9 1.256037e-03 1.941935e-03 1.448458e-04 3.955727e-05 -7.811139e-05 6.725269e-05
Cl10 1.804263e-03 1.522047e-03 1.439498e-04 -1.290140e-04 1.049473e-04 7.078009e-05
C1 9.471987e-04 1.090589e-03 1.114885e-04 -2.378604e-05 3.041680e-05 -5.524682e-05
C2 1.004560e-03 1.013703e-03 1.122943e-04 9.824705e-06 6.624811e-05 1.004754e-06
C3 1.038444e-03 1.015942e-03 1.118018e-04 7.110039e-06 5.959165e-05 -3.482754e-05
C4 9.104544e-04 9.431618e-04 1.258162e-04 -2.766419e-05 7.035815e-05 -7.136173e-05
C5 9.169559e-04 1.042442e-03 1.126974e-04 -2.908629e-05 2.939843e-05 -5.355727e-06
C6 9.471987e-04 1.090589e-03 1.114885e-04 2.378605e-05 3.041680e-05 5.524682e-05
C7 1.004560e-03 1.013703e-03 1.122943e-04 -9.824703e-06 6.624811e-05 -1.004754e-06
C8 1.038444e-03 1.015942e-03 1.118018e-04 -7.110037e-06 5.959165e-05 3.482754e-05
C9 9.104544e-04 9.431618e-04 1.258162e-04 2.766419e-05 7.035815e-05 7.136173e-05
C10 9.169559e-04 1.042442e-03 1.126974e-04 2.908629e-05 2.939843e-05 5.355727e-06
N1 1.041890e-03 1.109624e-03 1.253685e-04 -2.972933e-06 4.701830e-05 -2.162041e-04
N2 1.041890e-03 1.109624e-03 1.253685e-04 2.972935e-06 4.701830e-05 2.162041e-04

270 K
U*_11 U*_22 U*_33 U*_23 U*_13 U*_12
Cl1 1.354155e-03 1.919915e-03 1.495024e-04 -5.584547e-05 -7.850798e-05 -1.487888e-04
Cl2 1.864627e-03 1.662010e-03 1.507107e-04 1.530586e-04 1.012241e-04 -1.721514e-05
Cl3 1.234876e-03 1.229059e-03 2.143352e-04 -6.424788e-05 1.488903e-04 -3.427294e-04
Cl4 1.303374e-03 2.015462e-03 1.503083e-04 -4.110853e-05 -8.111285e-05 -6.985450e-05
Cl5 1.872471e-03 1.579152e-03 1.493227e-04 1.339264e-04 1.089344e-04 -7.336030e-05
Cl6 1.354155e-03 1.919915e-03 1.495024e-04 5.584547e-05 -7.850798e-05 1.487888e-04
Cl7 1.864627e-03 1.662010e-03 1.507107e-04 -1.530586e-04 1.012241e-04 1.721514e-05
Cl8 1.234876e-03 1.229059e-03 2.143352e-04 6.424788e-05 1.488903e-04 3.427294e-04
Cl9 1.303374e-03 2.015462e-03 1.503083e-04 4.110853e-05 -8.111285e-05 6.985449e-05
Cl10 1.872471e-03 1.579152e-03 1.493227e-04 -1.339264e-04 1.089344e-04 7.336030e-05
C1 9.810467e-04 1.130152e-03 1.155182e-04 -2.469095e-05 3.146021e-05 -5.715742e-05
C2 1.041009e-03 1.050280e-03 1.163688e-04 1.008325e-05 6.882158e-05 1.498831e-06
C3 1.076260e-03 1.052519e-03 1.158315e-04 7.368585e-06 6.176553e-05 -3.578409e-05
C4 9.430269e-04 9.767528e-04 1.303832e-04 -2.882764e-05 7.305637e-05 -7.376641e-05
C5 9.497584e-04 1.080139e-03 1.167719e-04 -3.024974e-05 3.046460e-05 -5.221806e-06
C6 9.810467e-04 1.130152e-03 1.155182e-04 2.469095e-05 3.146021e-05 5.715742e-05
C7 1.041009e-03 1.050280e-03 1.163688e-04 -1.008325e-05 6.882158e-05 -1.498831e-06
C8 1.076260e-03 1.052519e-03 1.158315e-04 -7.368584e-06 6.176553e-05 3.578409e-05
C9 9.430269e-04 9.767528e-04 1.303832e-04 2.882764e-05 7.305637e-05 7.376641e-05
C10 9.497584e-04 1.080139e-03 1.167719e-04 3.024974e-05 3.046460e-05 5.221806e-06
N1 1.079795e-03 1.149933e-03 1.299803e-04 -3.231465e-06 4.873440e-05 -2.243139e-04
N2 1.079795e-03 1.149933e-03 1.299803e-04 3.231467e-06 4.873440e-05 2.243139e-04

280 K
U*_11 U*_22 U*_33 U*_23 U*_13 U*_12
Cl1 1.403242e-03 1.990083e-03 1.549201e-04 -5.791382e-05 -8.153219e-05 -1.541921e-04
Cl2 1.932474e-03 1.722474e-03 1.561732e-04 1.587466e-04 1.048799e-04 -1.795045e-05
Cl3 1.279522e-03 1.273474e-03 2.221259e-04 -6.670403e-05 1.542320e-04 -3.552202e-04
Cl4 1.350572e-03 2.088989e-03 1.557261e-04 -4.265979e-05 -8.426267e-05 -7.245630e-05
Cl5 1.940691e-03 1.636630e-03 1.547404e-04 1.389680e-04 1.129442e-04 -7.623745e-05
Cl6 1.403242e-03 1.990083e-03 1.549201e-04 5.791382e-05 -8.153219e-05 1.541921e-04
Cl7 1.932474e-03 1.722474e-03 1.561732e-04 -1.587466e-04 1.048799e-04 1.795045e-05
Cl8 1.279522e-03 1.273474e-03 2.221259e-04 6.670404e-05 1.542320e-04 3.552202e-04
Cl9 1.350572e-03 2.088989e-03 1.557261e-04 4.265980e-05 -8.426267e-05 7.245630e-05
Cl10 1.940691e-03 1.636630e-03 1.547404e-04 -1.389680e-04 1.129442e-04 7.623745e-05
C1 1.015375e-03 1.169715e-03 1.195479e-04 -2.572513e-05 3.262923e-05 -5.877107e-05
C2 1.077319e-03 1.086857e-03 1.203985e-04 1.047107e-05 7.124668e-05 2.058618e-06
C3 1.113863e-03 1.089096e-03 1.199060e-04 7.497859e-06 6.408778e-05 -3.680635e-05
C4 9.758356e-04 1.010717e-03 1.349950e-04 -2.999109e-05 7.565174e-05 -7.617108e-05
C5 9.829132e-04 1.117835e-03 1.208463e-04 -3.154247e-05 3.153077e-05 -5.153595e-06
C6 1.015375e-03 1.169715e-03 1.195479e-04 2.572513e-05 3.262923e-05 5.877107e-05
C7 1.077319e-03 1.086857e-03 1.203985e-04 -1.047106e-05 7.124668e-05 -2.058618e-06
C8 1.113863e-03 1.089096e-03 1.199060e-04 -7.497858e-06 6.408778e-05 3.680635e-05
C9 9.758356e-04 1.010717e-03 1.349950e-04 2.999109e-05 7.565174e-05 7.617108e-05
C10 9.829132e-04 1.117835e-03 1.208463e-04 3.154247e-05 3.153077e-05 5.153595e-06
N1 1.117475e-03 1.190243e-03 1.345921e-04 -3.360725e-06 5.057611e-05 -2.323581e-04
N2 1.117475e-03 1.190243e-03 1.345921e-04 3.360727e-06 5.057611e-05 2.323581e-04

290 K
U*_11 U*_22 U*_33 U*_23 U*_13 U*_12
Cl1 1.452457e-03 2.060250e-03 1.603378e-04 -5.998217e-05 -8.443080e-05 -1.595953e-04
Cl2 2.000675e-03 1.782938e-03 1.616357e-04 1.643053e-04 1.085357e-04 -1.875148e-05
Cl3 1.324308e-03 1.318262e-03 2.299615e-04 -6.903092e-05 1.597221e-04 -3.680080e-04
Cl4 1.397909e-03 2.162517e-03 1.611886e-04 -4.408179e-05 -8.726413e-05 -7.499240e-05
Cl5 2.009262e-03 1.694108e-03 1.601581e-04 1.438804e-04 1.169541e-04 -7.881765e-05
Cl6 1.452457e-03 2.060250e-03 1.603378e-04 5.998217e-05 -8.443080e-05 1.595953e-04
Cl7 2.000675e-03 1.782938e-03 1.616357e-04 -1.643053e-04 1.085357e-04 1.875148e-05
Cl8 1.324308e-03 1.318262e-03 2.299615e-04 6.903092e-05 1.597221e-04 3.680080e-04
Cl9 1.397909e-03 2.162517e-03 1.611886e-04 4.408179e-05 -8.726413e-05 7.499240e-05
Cl10 2.009262e-03 1.694108e-03 1.601581e-04 -1.438804e-04 1.169541e-04 7.881765e-05
C1 1.049575e-03 1.209277e-03 1.235776e-04 -2.675930e-05 3.367263e-05 -6.074738e-05
C2 1.113768e-03 1.123434e-03 1.244729e-04 1.072961e-05 7.382015e-05 2.190039e-06
C3 1.151680e-03 1.125673e-03 1.239357e-04 7.756406e-06 6.626167e-05 -3.776290e-05
C4 1.008760e-03 1.044681e-03 1.395620e-04 -3.115454e-05 7.834996e-05 -7.857576e-05
C5 1.016068e-03 1.155532e-03 1.249208e-04 -3.270592e-05 3.259694e-05 -5.019674e-06
C6 1.049575e-03 1.209277e-03 1.235776e-04 2.675930e-05 3.367263e-05 6.074738e-05
C7 1.113768e-03 1.123434e-03 1.244729e-04 -1.072961e-05 7.382015e-05 -2.190039e-06
C8 1.151680e-03 1.125673e-03 1.239357e-04 -7.756404e-06 6.626167e-05 3.776290e-05
C9 1.008760e-03 1.044681e-03 1.395620e-04 3.115454e-05 7.834996e-05 7.857576e-05
C10 1.016068e-03 1.155532e-03 1.249208e-04 3.270592e-05 3.259694e-05 5.019673e-06
N1 1.155381e-03 1.230925e-03 1.392038e-04 -3.619258e-06 5.229221e-05 -2.404679e-04
N2 1.155381e-03 1.230925e-03 1.392038e-04 3.619260e-06 5.229221e-05 2.404679e-04

300 K
U*_11 U*_22 U*_33 U*_23 U*_13 U*_12
Cl1 1.501672e-03 2.130045e-03 1.657556e-04 -6.205052e-05 -8.732941e-05 -1.649985e-04
Cl2 2.068650e-03 1.843402e-03 1.670982e-04 1.699933e-04 1.123171e-04 -1.912414e-05
Cl3 1.369081e-03 1.362677e-03 2.377522e-04 -7.148707e-05 1.651895e-04 -3.808615e-04
Cl4 1.445235e-03 2.236044e-03 1.666063e-04 -4.563305e-05 -9.028834e-05 -7.759420e-05
Cl5 2.077354e-03 1.751586e-03 1.655758e-04 1.487927e-04 1.208383e-04 -8.139786e-05
Cl6 1.501672e-03 2.130045e-03 1.657556e-04 6.205052e-05 -8.732941e-05 1.649985e-04
Cl7 2.068650e-03 1.843402e-03 1.670982e-04 -1.699933e-04 1.123171e-04 1.912414e-05
Cl8 1.369081e-03 1.362677e-03 2.377522e-04 7.148708e-05 1.651895e-04 3.808615e-04
Cl9 1.445235e-03 2.236044e-03 1.666063e-04 4.563305e-05 -9.028834e-05 7.759420e-05
Cl10 2.077354e-03 1.751586e-03 1.655758e-04 -1.487927e-04 1.208383e-04 8.139786e-05
C1 1.083915e-03 1.248840e-03 1.276521e-04 -2.766421e-05 3.486441e-05 -6.265798e-05
C2 1.150089e-03 1.160011e-03 1.285474e-04 1.098815e-05 7.626802e-05 2.684116e-06
C3 1.189635e-03 1.162623e-03 1.280102e-04 7.885680e-06 6.858392e-05 -3.878516e-05
C4 1.041569e-03 1.078646e-03 1.441737e-04 -3.231799e-05 8.094533e-05 -8.098044e-05
C5 1.049223e-03 1.193228e-03 1.289953e-04 -3.386937e-05 3.366311e-05 -4.885752e-06
C6 1.083915e-03 1.248840e-03 1.276521e-04 2.766421e-05 3.486441e-05 6.265798e-05
C7 1.150089e-03 1.160011e-03 1.285474e-04 -1.098815e-05 7.626802e-05 -2.684116e-06
C8 1.189635e-03 1.162623e-03 1.280102e-04 -7.885678e-06 6.858392e-05 3.878516e-05
C9 1.041569e-03 1.078646e-03 1.441737e-04 3.231799e-05 8.094533e-05 8.098044e-05
C10 1.049223e-03 1.193228e-03 1.289953e-04 3.386937e-05 3.366311e-05 4.885752e-06
N1 1.193402e-03 1.271234e-03 1.437708e-04 -3.748518e-06 5.411116e-05 -2.485121e-04
N2 1.193402e-03 1.271234e-03 1.437708e-04 3.748520e-06 5.411116e-05 2.485121e-04

