Molecular-Toolbox 1.0.1
Code written and copyrighted by Janine George (2015-2016)
0 K
beta_11 beta_22 beta_33 beta_23 beta_13 beta_12
Cl1 3.214357e-03 4.400818e-03 3.691969e-04 -1.984471e-05 -2.193618e-04 -5.870285e-04
Cl2 3.214357e-03 4.400818e-03 3.691969e-04 1.984427e-05 -2.193618e-04 5.870281e-04
Cl3 4.173771e-03 3.980577e-03 3.536430e-04 4.141210e-04 9.409454e-05 -3.993655e-04
Cl4 4.173771e-03 3.980577e-03 3.536430e-04 -4.141213e-04 9.409454e-05 3.993650e-04
Cl5 2.959549e-03 3.102756e-03 4.648555e-04 4.477125e-06 2.012572e-04 -9.634472e-04
Cl6 2.959549e-03 3.102756e-03 4.648555e-04 -4.477527e-06 2.012571e-04 9.634465e-04
Cl7 3.243391e-03 4.640956e-03 3.519143e-04 7.175609e-05 -2.248298e-04 -4.612499e-04
Cl8 3.243391e-03 4.640956e-03 3.519143e-04 -7.175655e-05 -2.248298e-04 4.612495e-04
Cl9 4.337114e-03 3.727260e-03 3.687484e-04 3.862322e-04 1.879048e-04 -4.388557e-04
Cl10 4.337114e-03 3.727261e-03 3.687485e-04 -3.862325e-04 1.879048e-04 4.388551e-04
C1 2.873149e-03 3.299698e-03 3.297599e-04 9.000620e-05 -6.351353e-07 -5.627380e-04
C2 2.873149e-03 3.299698e-03 3.297600e-04 -9.000658e-05 -6.351766e-07 5.627376e-04
C3 2.963016e-03 3.237467e-03 3.256873e-04 1.596479e-04 3.069100e-05 -5.361663e-04
C4 2.963016e-03 3.237467e-03 3.256873e-04 -1.596482e-04 3.069095e-05 5.361660e-04
C5 3.069613e-03 3.161326e-03 3.300355e-04 1.542583e-04 6.201575e-05 -5.188237e-04
C6 3.069612e-03 3.161326e-03 3.300355e-04 -1.542587e-04 6.201572e-05 5.188233e-04
C7 2.804327e-03 3.057364e-03 3.369524e-04 1.048718e-04 4.781472e-05 -5.805685e-04
C8 2.804327e-03 3.057364e-03 3.369524e-04 -1.048721e-04 4.781467e-05 5.805682e-04
C9 2.898792e-03 3.239664e-03 3.254649e-04 1.184048e-04 -4.426125e-06 -5.194541e-04
C10 2.898792e-03 3.239664e-03 3.254649e-04 -1.184051e-04 -4.426163e-06 5.194538e-04
N1 3.297234e-03 3.654048e-03 3.551436e-04 1.947530e-04 -2.444698e-05 -9.536630e-04
N2 3.297234e-03 3.654048e-03 3.551436e-04 -1.947534e-04 -2.444705e-05 9.536623e-04

10 K
beta_11 beta_22 beta_33 beta_23 beta_13 beta_12
Cl1 3.308978e-03 4.531136e-03 3.797662e-04 -2.701047e-05 -2.181487e-04 -5.946835e-04
Cl2 3.308978e-03 4.531136e-03 3.797662e-04 2.701003e-05 -2.181487e-04 5.946831e-04
Cl3 4.282732e-03 4.096253e-03 3.652814e-04 4.141218e-04 9.978221e-05 -4.007861e-04
Cl4 4.282732e-03 4.096253e-03 3.652814e-04 -4.141223e-04 9.978218e-05 4.007856e-04
Cl5 3.054258e-03 3.210379e-03 4.783724e-04 -4.476551e-06 2.090868e-04 -9.783430e-04
Cl6 3.054258e-03 3.210379e-03 4.783724e-04 4.476136e-06 2.090867e-04 9.783423e-04
Cl7 3.333122e-03 4.775667e-03 3.633812e-04 6.484118e-05 -2.249287e-04 -4.609707e-04
Cl8 3.333122e-03 4.775667e-03 3.633812e-04 -6.484166e-05 -2.249288e-04 4.609703e-04
Cl9 4.450949e-03 3.842204e-03 3.794903e-04 3.844406e-04 1.941592e-04 -4.404143e-04
Cl10 4.450949e-03 3.842205e-03 3.794903e-04 -3.844408e-04 1.941591e-04 4.404137e-04
C1 2.959645e-03 3.405857e-03 3.396993e-04 8.437610e-05 2.771142e-06 -5.689556e-04
C2 2.959645e-03 3.405857e-03 3.396993e-04 -8.437649e-05 2.771099e-06 5.689552e-04
C3 3.050534e-03 3.339233e-03 3.359834e-04 1.552965e-04 3.526000e-05 -5.396472e-04
C4 3.050534e-03 3.339233e-03 3.359834e-04 -1.552968e-04 3.525995e-05 5.396468e-04
C5 3.160280e-03 3.263092e-03 3.400634e-04 1.493949e-04 6.620705e-05 -5.225469e-04
C6 3.160280e-03 3.263092e-03 3.400634e-04 -1.493953e-04 6.620702e-05 5.225464e-04
C7 2.889208e-03 3.156201e-03 3.477857e-04 9.847269e-05 5.263982e-05 -5.857291e-04
C8 2.889208e-03 3.156201e-03 3.477857e-04 -9.847305e-05 5.263977e-05 5.857288e-04
C9 2.982596e-03 3.343626e-03 3.357633e-04 1.120038e-04 -1.593869e-06 -5.217737e-04
C10 2.982596e-03 3.343626e-03 3.357633e-04 -1.120041e-04 -1.593906e-06 5.217733e-04
N1 3.387467e-03 3.759474e-03 3.652607e-04 1.891262e-04 -1.996455e-05 -9.648523e-04
N2 3.387467e-03 3.759474e-03 3.652607e-04 -1.891266e-04 -1.996462e-05 9.648516e-04

