0 
Cl1 4.532770e-03 6.011001e-03 4.123778e-03 -7.751220e-05 -8.705914e-04 -8.147055e-04
Cl2 4.532770e-03 6.011001e-03 4.123778e-03 7.751048e-05 -8.705914e-04 8.147050e-04
Cl3 5.885700e-03 5.437001e-03 3.950047e-03 1.617531e-03 3.734374e-04 -5.542581e-04
Cl4 5.885700e-03 5.437001e-03 3.950047e-03 -1.617532e-03 3.734374e-04 5.542574e-04
Cl5 4.173449e-03 4.238001e-03 5.192245e-03 1.748737e-05 7.987388e-04 -1.337117e-03
Cl6 4.173449e-03 4.238001e-03 5.192245e-03 -1.748894e-05 7.987385e-04 1.337116e-03
Cl7 4.573712e-03 6.339001e-03 3.930738e-03 2.802748e-04 -8.922925e-04 -6.401441e-04
Cl8 4.573712e-03 6.339001e-03 3.930738e-03 -2.802766e-04 -8.922925e-04 6.401436e-04
Cl9 6.116041e-03 5.091000e-03 4.118768e-03 1.508599e-03 7.457466e-04 -6.090644e-04
Cl10 6.116041e-03 5.091001e-03 4.118769e-03 -1.508600e-03 7.457466e-04 6.090636e-04
C1 4.051611e-03 4.507000e-03 3.683283e-03 3.515586e-04 -2.520691e-06 -7.809940e-04
C2 4.051611e-03 4.507000e-03 3.683284e-03 -3.515601e-04 -2.520855e-06 7.809935e-04
C3 4.178338e-03 4.422000e-03 3.637794e-03 6.235747e-04 1.218048e-04 -7.441166e-04
C4 4.178338e-03 4.422000e-03 3.637794e-03 -6.235759e-04 1.218046e-04 7.441162e-04
C5 4.328657e-03 4.318000e-03 3.686361e-03 6.025233e-04 2.461248e-04 -7.200477e-04
C6 4.328656e-03 4.318000e-03 3.686361e-03 -6.025249e-04 2.461247e-04 7.200472e-04
C7 3.954560e-03 4.176001e-03 3.763620e-03 4.096227e-04 1.897645e-04 -8.057400e-04
C8 3.954560e-03 4.176001e-03 3.763620e-03 -4.096239e-04 1.897643e-04 8.057396e-04
C9 4.087771e-03 4.425001e-03 3.635309e-03 4.624818e-04 -1.756617e-05 -7.209226e-04
C10 4.087771e-03 4.425001e-03 3.635309e-03 -4.624829e-04 -1.756632e-05 7.209222e-04
N1 4.649640e-03 4.991001e-03 3.966808e-03 7.606931e-04 -9.702387e-05 -1.323538e-03
N2 4.649640e-03 4.991001e-03 3.966808e-03 -7.606946e-04 -9.702415e-05 1.323537e-03
10 
Cl1 4.666201e-03 6.189000e-03 4.241833e-03 -1.055012e-04 -8.657769e-04 -8.253295e-04
Cl2 4.666201e-03 6.189000e-03 4.241833e-03 1.054995e-04 -8.657769e-04 8.253289e-04
Cl3 6.039353e-03 5.595001e-03 4.080043e-03 1.617534e-03 3.960103e-04 -5.562296e-04
Cl4 6.039353e-03 5.595001e-03 4.080043e-03 -1.617536e-03 3.960102e-04 5.562289e-04
Cl5 4.307004e-03 4.385001e-03 5.343223e-03 -1.748513e-05 8.298125e-04 -1.357790e-03
Cl6 4.307004e-03 4.385001e-03 5.343223e-03 1.748351e-05 8.298121e-04 1.357789e-03
Cl7 4.700248e-03 6.523001e-03 4.058819e-03 2.532656e-04 -8.926850e-04 -6.397566e-04
Cl8 4.700248e-03 6.523001e-03 4.058819e-03 -2.532675e-04 -8.926854e-04 6.397561e-04
Cl9 6.276567e-03 5.248000e-03 4.238751e-03 1.501601e-03 7.705687e-04 -6.112275e-04
Cl10 6.276567e-03 5.248001e-03 4.238751e-03 -1.501602e-03 7.705683e-04 6.112267e-04
C1 4.173584e-03 4.652001e-03 3.794302e-03 3.295678e-04 1.099796e-05 -7.896231e-04
C2 4.173584e-03 4.652001e-03 3.794302e-03 -3.295693e-04 1.099779e-05 7.896225e-04
C3 4.301752e-03 4.561001e-03 3.752797e-03 6.065785e-04 1.399380e-04 -7.489475e-04
C4 4.301752e-03 4.561001e-03 3.752797e-03 -6.065796e-04 1.399378e-04 7.489470e-04
C5 4.456512e-03 4.457001e-03 3.798369e-03 5.835272e-04 2.627590e-04 -7.252149e-04
C6 4.456512e-03 4.457001e-03 3.798369e-03 -5.835287e-04 2.627589e-04 7.252143e-04
C7 4.074256e-03 4.311000e-03 3.884624e-03 3.846282e-04 2.089141e-04 -8.129021e-04
C8 4.074256e-03 4.311000e-03 3.884624e-03 -3.846296e-04 2.089139e-04 8.129017e-04
C9 4.205949e-03 4.567001e-03 3.750338e-03 4.374799e-04 -6.325662e-06 -7.241419e-04
C10 4.205949e-03 4.567001e-03 3.750338e-03 -4.374810e-04 -6.325809e-06 7.241413e-04
N1 4.776883e-03 5.135000e-03 4.079812e-03 7.387152e-04 -7.923424e-05 -1.339067e-03
N2 4.776883e-03 5.135000e-03 4.079812e-03 -7.387167e-04 -7.923452e-05 1.339066e-03

