Molecular-Toolbox 1.0.1
Code written and copyrighted by Janine George (2015-2016)
0 K
B_11 B_22 B_33 B_23 B_13 B_12
Cl1 3.578926e-01 4.746095e-01 3.256051e-01 -6.118019e-03 -6.873915e-02 -6.432611e-02
Cl2 3.578926e-01 4.746095e-01 3.256051e-01 6.118019e-03 -6.873915e-02 6.432611e-02
Cl3 4.647169e-01 4.292876e-01 3.118873e-01 1.277175e-01 2.948615e-02 -4.376226e-02
Cl4 4.647169e-01 4.292876e-01 3.118873e-01 -1.277175e-01 2.948615e-02 4.376226e-02
Cl5 3.295212e-01 3.346182e-01 4.099658e-01 1.381881e-03 6.306707e-02 -1.055749e-01
Cl6 3.295212e-01 3.346182e-01 4.099658e-01 -1.381881e-03 6.306707e-02 1.055749e-01
Cl7 3.611256e-01 5.005084e-01 3.103554e-01 2.212836e-02 -7.045253e-02 -5.054334e-02
Cl8 3.611256e-01 5.005084e-01 3.103554e-01 -2.212836e-02 -7.045253e-02 5.054334e-02
Cl9 4.829038e-01 4.019688e-01 3.252047e-01 1.191157e-01 5.887951e-02 -4.809047e-02
Cl10 4.829038e-01 4.019688e-01 3.252047e-01 -1.191157e-01 5.887951e-02 4.809047e-02
C1 3.199014e-01 3.558592e-01 2.908233e-01 2.775937e-02 -1.979351e-04 -6.166560e-02
C2 3.199014e-01 3.558592e-01 2.908233e-01 -2.775937e-02 -1.979351e-04 6.166560e-02
C3 3.299080e-01 3.491471e-01 2.872372e-01 4.923636e-02 9.618409e-03 -5.875417e-02
C4 3.299080e-01 3.491471e-01 2.872372e-01 -4.923636e-02 9.618409e-03 5.875200e-02
C5 3.417761e-01 3.409364e-01 2.910670e-01 4.757445e-02 1.943475e-02 -5.685287e-02
C6 3.417761e-01 3.409364e-01 2.910670e-01 -4.757445e-02 1.943475e-02 5.685287e-02
C7 3.122399e-01 3.297241e-01 2.971599e-01 3.234332e-02 1.498121e-02 -6.361880e-02
C8 3.122399e-01 3.297241e-01 2.971599e-01 -3.234332e-02 1.498121e-02 6.361880e-02
C9 3.227585e-01 3.493834e-01 2.870283e-01 3.651331e-02 -1.385546e-03 -5.692209e-02
C10 3.227585e-01 3.493834e-01 2.870283e-01 -3.651331e-02 -1.385546e-03 5.692209e-02
N1 3.671212e-01 3.940731e-01 3.132104e-01 6.006008e-02 -7.657614e-03 -1.045021e-01
N2 3.671212e-01 3.940731e-01 3.132104e-01 -6.006008e-02 -7.663800e-03 1.045021e-01

10 K
B_11 B_22 B_33 B_23 B_13 B_12
Cl1 3.684289e-01 4.886638e-01 3.349185e-01 -8.327811e-03 -6.836184e-02 -6.516536e-02
Cl2 3.684289e-01 4.886638e-01 3.349185e-01 8.327811e-03 -6.836184e-02 6.516536e-02
Cl3 4.768488e-01 4.417644e-01 3.221408e-01 1.277175e-01 3.126756e-02 -4.391800e-02
Cl4 4.768488e-01 4.417644e-01 3.221408e-01 -1.277175e-01 3.126756e-02 4.391800e-02
Cl5 3.400685e-01 3.462264e-01 4.218905e-01 -1.381881e-03 6.551652e-02 -1.072059e-01
Cl6 3.400685e-01 3.462264e-01 4.218905e-01 1.381881e-03 6.551652e-02 1.072059e-01
Cl7 3.711168e-01 5.150353e-01 3.204696e-01 1.999770e-02 -7.048345e-02 -5.051305e-02
Cl8 3.711168e-01 5.150353e-01 3.204696e-01 -1.999770e-02 -7.048345e-02 5.051305e-02
Cl9 4.955785e-01 4.143648e-01 3.346748e-01 1.185617e-01 6.084030e-02 -4.826135e-02
Cl10 4.955785e-01 4.143648e-01 3.346748e-01 -1.185617e-01 6.084030e-02 4.826135e-02
C1 3.295322e-01 3.673079e-01 2.995797e-01 2.602441e-02 8.659661e-04 -6.234695e-02
C2 3.295322e-01 3.673079e-01 2.995797e-01 -2.602441e-02 8.659661e-04 6.234695e-02
C3 3.396531e-01 3.601232e-01 2.963069e-01 4.789100e-02 1.104725e-02 -5.913486e-02
C4 3.396531e-01 3.601232e-01 2.963069e-01 -4.789100e-02 1.104725e-02 5.913486e-02
C5 3.518729e-01 3.519103e-01 2.999104e-01 4.607082e-02 2.074607e-02 -5.726168e-02
C6 3.518729e-01 3.519103e-01 2.999104e-01 -4.607082e-02 2.074607e-02 5.726168e-02
C7 3.216904e-01 3.403829e-01 3.067171e-01 3.037094e-02 1.649665e-02 -6.418335e-02
C8 3.216904e-01 3.403829e-01 3.067171e-01 -3.037094e-02 1.649665e-02 6.418335e-02
C9 3.320882e-01 3.605958e-01 2.961154e-01 3.454094e-02 -5.010232e-04 -5.717516e-02
C10 3.320882e-01 3.605958e-01 2.961154e-01 -3.454094e-02 -5.010232e-04 5.717516e-02
N1 3.771674e-01 4.054430e-01 3.221234e-01 5.832512e-02 -6.253512e-03 -1.057285e-01
N2 3.771674e-01 4.054430e-01 3.221234e-01 -5.832512e-02 -6.253512e-03 1.057285e-01

