Molecular-Toolbox 1.0.1
Code written and copyrighted by Janine George (2015-2016)
0 K
beta_11 beta_22 beta_33 beta_23 beta_13 beta_12
Cl1 3.214353e-03 4.400817e-03 3.692022e-04 -1.983790e-05 -2.193618e-04 -5.870243e-04
Cl2 3.214353e-03 4.400817e-03 3.692022e-04 1.983790e-05 -2.193618e-04 5.870243e-04
Cl3 4.173777e-03 3.980569e-03 3.536477e-04 4.141286e-04 9.409681e-05 -3.993637e-04
Cl4 4.173777e-03 3.980569e-03 3.536477e-04 -4.141286e-04 9.409681e-05 3.993637e-04
Cl5 2.959539e-03 3.102747e-03 4.648584e-04 4.480800e-06 2.012610e-04 -9.634510e-04
Cl6 2.959539e-03 3.102747e-03 4.648584e-04 -4.480800e-06 2.012610e-04 9.634510e-04
Cl7 3.243389e-03 4.640964e-03 3.519106e-04 7.175202e-05 -2.248296e-04 -4.612461e-04
Cl8 3.243389e-03 4.640964e-03 3.519106e-04 -7.175202e-05 -2.248296e-04 4.612461e-04
Cl9 4.337119e-03 3.727256e-03 3.687482e-04 3.862371e-04 1.878975e-04 -4.388618e-04
Cl10 4.337119e-03 3.727256e-03 3.687482e-04 -3.862371e-04 1.878975e-04 4.388618e-04
C1 2.873141e-03 3.299705e-03 3.297632e-04 9.001079e-05 -6.316547e-07 -5.627451e-04
C2 2.873141e-03 3.299705e-03 3.297632e-04 -9.001079e-05 -6.316547e-07 5.627451e-04
C3 2.963013e-03 3.237467e-03 3.256969e-04 1.596507e-04 3.069447e-05 -5.361761e-04
C4 2.963013e-03 3.237467e-03 3.256969e-04 -1.596507e-04 3.069447e-05 5.361564e-04
C5 3.069605e-03 3.161333e-03 3.300396e-04 1.542619e-04 6.202059e-05 -5.188254e-04
C6 3.069605e-03 3.161333e-03 3.300396e-04 -1.542619e-04 6.202059e-05 5.188254e-04
C7 2.804330e-03 3.057367e-03 3.369483e-04 1.048744e-04 4.780836e-05 -5.805696e-04
C8 2.804330e-03 3.057367e-03 3.369483e-04 -1.048744e-04 4.780836e-05 5.805696e-04
C9 2.898802e-03 3.239658e-03 3.254601e-04 1.183958e-04 -4.421583e-06 -5.194570e-04
C10 2.898802e-03 3.239658e-03 3.254601e-04 -1.183958e-04 -4.421583e-06 5.194570e-04
N1 3.297237e-03 3.654043e-03 3.551478e-04 1.947470e-04 -2.443714e-05 -9.536604e-04
N2 3.297237e-03 3.654043e-03 3.551478e-04 -1.947470e-04 -2.445688e-05 9.536604e-04

10 K
beta_11 beta_22 beta_33 beta_23 beta_13 beta_12
Cl1 3.308982e-03 4.531135e-03 3.797626e-04 -2.700324e-05 -2.181577e-04 -5.946831e-04
Cl2 3.308982e-03 4.531135e-03 3.797626e-04 2.700324e-05 -2.181577e-04 5.946831e-04
Cl3 4.282737e-03 4.096261e-03 3.652741e-04 4.141286e-04 9.978170e-05 -4.007849e-04
Cl4 4.282737e-03 4.096261e-03 3.652741e-04 -4.141286e-04 9.978170e-05 4.007849e-04
Cl5 3.054268e-03 3.210385e-03 4.783797e-04 -4.480800e-06 2.090777e-04 -9.783344e-04
Cl6 3.054268e-03 3.210385e-03 4.783797e-04 4.480800e-06 2.090777e-04 9.783344e-04
Cl7 3.333123e-03 4.775665e-03 3.633791e-04 6.484330e-05 -2.249283e-04 -4.609697e-04
Cl8 3.333123e-03 4.775665e-03 3.633791e-04 -6.484330e-05 -2.249283e-04 4.609697e-04
Cl9 4.450955e-03 3.842198e-03 3.794863e-04 3.844408e-04 1.941549e-04 -4.404212e-04
Cl10 4.450955e-03 3.842198e-03 3.794863e-04 -3.844408e-04 1.941549e-04 4.404212e-04
C1 2.959638e-03 3.405862e-03 3.396920e-04 8.438512e-05 2.763489e-06 -5.689630e-04
C2 2.959638e-03 3.405862e-03 3.396920e-04 -8.438512e-05 2.763489e-06 5.689630e-04
C3 3.050537e-03 3.339242e-03 3.359811e-04 1.552884e-04 3.525423e-05 -5.396502e-04
C4 3.050537e-03 3.339242e-03 3.359811e-04 -1.552884e-04 3.525423e-05 5.396502e-04
C5 3.160287e-03 3.263089e-03 3.400671e-04 1.493863e-04 6.620531e-05 -5.225561e-04
C6 3.160287e-03 3.263089e-03 3.400671e-04 -1.493863e-04 6.620531e-05 5.225561e-04
C7 2.889208e-03 3.156201e-03 3.477851e-04 9.847891e-05 5.264447e-05 -5.857215e-04
C8 2.889208e-03 3.156201e-03 3.477851e-04 -9.847891e-05 5.264447e-05 5.857215e-04
C9 2.982594e-03 3.343625e-03 3.357639e-04 1.120003e-04 -1.598876e-06 -5.217665e-04
C10 2.982594e-03 3.343625e-03 3.357639e-04 -1.120003e-04 -1.598876e-06 5.217665e-04
N1 3.387465e-03 3.759470e-03 3.652543e-04 1.891214e-04 -1.995634e-05 -9.648525e-04
N2 3.387465e-03 3.759470e-03 3.652543e-04 -1.891214e-04 -1.995634e-05 9.648525e-04

