Molecular-Toolbox 1.0.0
Code written and copyrighted by Janine George (2015-2016)
0 K
U_11 U_22 U_33 U_23 U_13 U_12
Cl1 4.532763e-03 6.011000e-03 4.123837e-03 -7.748562e-05 -8.705915e-04 -8.146997e-04
Cl2 4.532763e-03 6.011000e-03 4.123837e-03 7.748562e-05 -8.705915e-04 8.146997e-04
Cl3 5.885709e-03 5.436991e-03 3.950099e-03 1.617561e-03 3.734464e-04 -5.542555e-04
Cl4 5.885709e-03 5.436991e-03 3.950099e-03 -1.617561e-03 3.734464e-04 5.542555e-04
Cl5 4.173435e-03 4.237988e-03 5.192277e-03 1.750173e-05 7.987538e-04 -1.337122e-03
Cl6 4.173435e-03 4.237988e-03 5.192277e-03 -1.750173e-05 7.987538e-04 1.337122e-03
Cl7 4.573709e-03 6.339013e-03 3.930697e-03 2.802589e-04 -8.922917e-04 -6.401388e-04
Cl8 4.573709e-03 6.339013e-03 3.930697e-03 -2.802589e-04 -8.922917e-04 6.401388e-04
Cl9 6.116047e-03 5.090995e-03 4.118766e-03 1.508618e-03 7.457177e-04 -6.090729e-04
Cl10 6.116047e-03 5.090995e-03 4.118766e-03 -1.508618e-03 7.457177e-04 6.090729e-04
C1 4.051599e-03 4.507010e-03 3.683320e-03 3.515765e-04 -2.506877e-06 -7.810039e-04
C2 4.051599e-03 4.507010e-03 3.683320e-03 -3.515765e-04 -2.506877e-06 7.810039e-04
C3 4.178334e-03 4.422000e-03 3.637901e-03 6.235858e-04 1.218186e-04 -7.441302e-04
C4 4.178334e-03 4.422000e-03 3.637901e-03 -6.235858e-04 1.218186e-04 7.441028e-04
C5 4.328645e-03 4.318010e-03 3.686407e-03 6.025374e-04 2.461440e-04 -7.200500e-04
C6 4.328645e-03 4.318010e-03 3.686407e-03 -6.025374e-04 2.461440e-04 7.200500e-04
C7 3.954564e-03 4.176004e-03 3.763574e-03 4.096329e-04 1.897393e-04 -8.057416e-04
C8 3.954564e-03 4.176004e-03 3.763574e-03 -4.096329e-04 1.897393e-04 8.057416e-04
C9 4.087785e-03 4.424993e-03 3.635255e-03 4.624465e-04 -1.754814e-05 -7.209267e-04
C10 4.087785e-03 4.424993e-03 3.635255e-03 -4.624465e-04 -1.754814e-05 7.209267e-04
N1 4.649645e-03 4.990995e-03 3.966856e-03 7.606698e-04 -9.698482e-05 -1.323534e-03
N2 4.649645e-03 4.990995e-03 3.966856e-03 -7.606698e-04 -9.706316e-05 1.323534e-03

10 K
U_11 U_22 U_33 U_23 U_13 U_12
Cl1 4.666207e-03 6.188999e-03 4.241793e-03 -1.054730e-04 -8.658128e-04 -8.253290e-04
Cl2 4.666207e-03 6.188999e-03 4.241793e-03 1.054730e-04 -8.658128e-04 8.253290e-04
Cl3 6.039361e-03 5.595012e-03 4.079961e-03 1.617561e-03 3.960083e-04 -5.562280e-04
Cl4 6.039361e-03 5.595012e-03 4.079961e-03 -1.617561e-03 3.960083e-04 5.562280e-04
Cl5 4.307017e-03 4.385009e-03 5.343305e-03 -1.750173e-05 8.297764e-04 -1.357778e-03
Cl6 4.307017e-03 4.385009e-03 5.343305e-03 1.750173e-05 8.297764e-04 1.357778e-03
Cl7 4.700250e-03 6.522998e-03 4.058795e-03 2.532739e-04 -8.926834e-04 -6.397553e-04
Cl8 4.700250e-03 6.522998e-03 4.058795e-03 -2.532739e-04 -8.926834e-04 6.397553e-04
Cl9 6.276575e-03 5.247991e-03 4.238706e-03 1.501602e-03 7.705514e-04 -6.112371e-04
Cl10 6.276575e-03 5.247991e-03 4.238706e-03 -1.501602e-03 7.705514e-04 6.112371e-04
C1 4.173574e-03 4.652008e-03 3.794221e-03 3.296030e-04 1.096759e-05 -7.896333e-04
C2 4.173574e-03 4.652008e-03 3.794221e-03 -3.296030e-04 1.096759e-05 7.896333e-04
C3 4.301756e-03 4.561013e-03 3.752771e-03 6.065466e-04 1.399151e-04 -7.489517e-04
C4 4.301756e-03 4.561013e-03 3.752771e-03 -6.065466e-04 1.399151e-04 7.489517e-04
C5 4.456522e-03 4.456996e-03 3.798410e-03 5.834937e-04 2.627521e-04 -7.252277e-04
C6 4.456522e-03 4.456996e-03 3.798410e-03 -5.834937e-04 2.627521e-04 7.252277e-04
C7 4.074257e-03 4.311000e-03 3.884617e-03 3.846525e-04 2.089326e-04 -8.128917e-04
C8 4.074257e-03 4.311000e-03 3.884617e-03 -3.846525e-04 2.089326e-04 8.128917e-04
C9 4.205947e-03 4.566999e-03 3.750345e-03 4.374661e-04 -6.345533e-06 -7.241319e-04
C10 4.205947e-03 4.566999e-03 3.750345e-03 -4.374661e-04 -6.345533e-06 7.241319e-04
N1 4.776881e-03 5.134996e-03 4.079741e-03 7.386962e-04 -7.920166e-05 -1.339067e-03
N2 4.776881e-03 5.134996e-03 4.079741e-03 -7.386962e-04 -7.920166e-05 1.339067e-03

