0 
Cl1 0.000162841 0.000222948 0.000018704 -0.000001005 -0.000011113 -0.000029739
Cl2 0.000162841 0.000222948 0.000018704 0.000001005 -0.000011113 0.000029739
Cl3 0.000211446 0.000201658 0.000017916 0.000020980 0.000004767 -0.000020232
Cl4 0.000211446 0.000201658 0.000017916 -0.000020980 0.000004767 0.000020232
Cl5 0.000149932 0.000157187 0.000023550 0.000000227 0.000010196 -0.000048809
Cl6 0.000149932 0.000157187 0.000023550 -0.000000227 0.000010196 0.000048809
Cl7 0.000164312 0.000235114 0.000017828 0.000003635 -0.000011390 -0.000023367
Cl8 0.000164312 0.000235114 0.000017828 -0.000003635 -0.000011390 0.000023367
Cl9 0.000219721 0.000188825 0.000018681 0.000019567 0.000009519 -0.000022233
Cl10 0.000219721 0.000188825 0.000018681 -0.000019567 0.000009519 0.000022233
C1 0.000145555 0.000167165 0.000016706 0.000004560 -0.000000032 -0.000028509
C2 0.000145555 0.000167165 0.000016706 -0.000004560 -0.000000032 0.000028509
C3 0.000150108 0.000164012 0.000016500 0.000008088 0.000001555 -0.000027163
C4 0.000150108 0.000164012 0.000016500 -0.000008088 0.000001555 0.000027162
C5 0.000155508 0.000160155 0.000016720 0.000007815 0.000003142 -0.000026284
C6 0.000155508 0.000160155 0.000016720 -0.000007815 0.000003142 0.000026284
C7 0.000142069 0.000154888 0.000017070 0.000005313 0.000002422 -0.000029412
C8 0.000142069 0.000154888 0.000017070 -0.000005313 0.000002422 0.000029412
C9 0.000146855 0.000164123 0.000016488 0.000005998 -0.000000224 -0.000026316
C10 0.000146855 0.000164123 0.000016488 -0.000005998 -0.000000224 0.000026316
N1 0.000167040 0.000185116 0.000017992 0.000009866 -0.000001238 -0.000048313
N2 0.000167040 0.000185116 0.000017992 -0.000009866 -0.000001239 0.000048313
10 
Cl1 0.000167635 0.000229550 0.000019239 -0.000001368 -0.000011052 -0.000030127
Cl2 0.000167635 0.000229550 0.000019239 0.000001368 -0.000011052 0.000030127
Cl3 0.000216966 0.000207519 0.000018505 0.000020980 0.000005055 -0.000020304
Cl4 0.000216966 0.000207519 0.000018505 -0.000020980 0.000005055 0.000020304
Cl5 0.000154731 0.000162640 0.000024235 -0.000000227 0.000010592 -0.000049563
Cl6 0.000154731 0.000162640 0.000024235 0.000000227 0.000010592 0.000049563
Cl7 0.000168858 0.000241938 0.000018409 0.000003285 -0.000011395 -0.000023353
Cl8 0.000168858 0.000241938 0.000018409 -0.000003285 -0.000011395 0.000023353
Cl9 0.000225488 0.000194648 0.000019225 0.000019476 0.000009836 -0.000022312
Cl10 0.000225488 0.000194648 0.000019225 -0.000019476 0.000009836 0.000022312
C1 0.000149937 0.000172543 0.000017209 0.000004275 0.000000140 -0.000028824
C2 0.000149937 0.000172543 0.000017209 -0.000004275 0.000000140 0.000028824
C3 0.000154542 0.000169168 0.000017021 0.000007867 0.000001786 -0.000027339
C4 0.000154542 0.000169168 0.000017021 -0.000007867 0.000001786 0.000027339
C5 0.000160102 0.000165310 0.000017228 0.000007568 0.000003354 -0.000026473
C6 0.000160102 0.000165310 0.000017228 -0.000007568 0.000003354 0.000026473
C7 0.000146369 0.000159895 0.000017619 0.000004989 0.000002667 -0.000029673
C8 0.000146369 0.000159895 0.000017619 -0.000004989 0.000002667 0.000029673
C9 0.000151100 0.000169390 0.000017010 0.000005674 -0.000000081 -0.000026433
C10 0.000151100 0.000169390 0.000017010 -0.000005674 -0.000000081 0.000026433
N1 0.000171611 0.000190457 0.000018504 0.000009581 -0.000001011 -0.000048880
N2 0.000171611 0.000190457 0.000018504 -0.000009581 -0.000001011 0.000048880
