Molecular-Toolbox 1.0.1
Code written and copyrighted by Janine George (2015-2016)
0 K
U*_11 U*_22 U*_33 U*_23 U*_13 U*_12
Cl1 1.628410e-04 2.229480e-04 1.870400e-05 -1.005000e-06 -1.111300e-05 -2.973900e-05
Cl2 1.628410e-04 2.229480e-04 1.870400e-05 1.005000e-06 -1.111300e-05 2.973900e-05
Cl3 2.114460e-04 2.016580e-04 1.791600e-05 2.098000e-05 4.767000e-06 -2.023200e-05
Cl4 2.114460e-04 2.016580e-04 1.791600e-05 -2.098000e-05 4.767000e-06 2.023200e-05
Cl5 1.499320e-04 1.571870e-04 2.355000e-05 2.270000e-07 1.019600e-05 -4.880900e-05
Cl6 1.499320e-04 1.571870e-04 2.355000e-05 -2.270000e-07 1.019600e-05 4.880900e-05
Cl7 1.643120e-04 2.351140e-04 1.782800e-05 3.635000e-06 -1.139000e-05 -2.336700e-05
Cl8 1.643120e-04 2.351140e-04 1.782800e-05 -3.635000e-06 -1.139000e-05 2.336700e-05
Cl9 2.197210e-04 1.888250e-04 1.868100e-05 1.956700e-05 9.519000e-06 -2.223300e-05
Cl10 2.197210e-04 1.888250e-04 1.868100e-05 -1.956700e-05 9.519000e-06 2.223300e-05
C1 1.455550e-04 1.671650e-04 1.670600e-05 4.560000e-06 -3.200000e-08 -2.850900e-05
C2 1.455550e-04 1.671650e-04 1.670600e-05 -4.560000e-06 -3.200000e-08 2.850900e-05
C3 1.501080e-04 1.640120e-04 1.650000e-05 8.088000e-06 1.555000e-06 -2.716300e-05
C4 1.501080e-04 1.640120e-04 1.650000e-05 -8.088000e-06 1.555000e-06 2.716200e-05
C5 1.555080e-04 1.601550e-04 1.672000e-05 7.815000e-06 3.142000e-06 -2.628400e-05
C6 1.555080e-04 1.601550e-04 1.672000e-05 -7.815000e-06 3.142000e-06 2.628400e-05
C7 1.420690e-04 1.548880e-04 1.707000e-05 5.313000e-06 2.422000e-06 -2.941200e-05
C8 1.420690e-04 1.548880e-04 1.707000e-05 -5.313000e-06 2.422000e-06 2.941200e-05
C9 1.468550e-04 1.641230e-04 1.648800e-05 5.998000e-06 -2.240000e-07 -2.631600e-05
C10 1.468550e-04 1.641230e-04 1.648800e-05 -5.998000e-06 -2.240000e-07 2.631600e-05
N1 1.670400e-04 1.851160e-04 1.799200e-05 9.866000e-06 -1.238000e-06 -4.831300e-05
N2 1.670400e-04 1.851160e-04 1.799200e-05 -9.866000e-06 -1.239000e-06 4.831300e-05

10 K
U*_11 U*_22 U*_33 U*_23 U*_13 U*_12
Cl1 1.676350e-04 2.295500e-04 1.923900e-05 -1.368000e-06 -1.105200e-05 -3.012700e-05
Cl2 1.676350e-04 2.295500e-04 1.923900e-05 1.368000e-06 -1.105200e-05 3.012700e-05
Cl3 2.169660e-04 2.075190e-04 1.850500e-05 2.098000e-05 5.055000e-06 -2.030400e-05
Cl4 2.169660e-04 2.075190e-04 1.850500e-05 -2.098000e-05 5.055000e-06 2.030400e-05
Cl5 1.547310e-04 1.626400e-04 2.423500e-05 -2.270000e-07 1.059200e-05 -4.956300e-05
Cl6 1.547310e-04 1.626400e-04 2.423500e-05 2.270000e-07 1.059200e-05 4.956300e-05
Cl7 1.688580e-04 2.419380e-04 1.840900e-05 3.285000e-06 -1.139500e-05 -2.335300e-05
Cl8 1.688580e-04 2.419380e-04 1.840900e-05 -3.285000e-06 -1.139500e-05 2.335300e-05
Cl9 2.254880e-04 1.946480e-04 1.922500e-05 1.947600e-05 9.836000e-06 -2.231200e-05
Cl10 2.254880e-04 1.946480e-04 1.922500e-05 -1.947600e-05 9.836000e-06 2.231200e-05
C1 1.499370e-04 1.725430e-04 1.720900e-05 4.275000e-06 1.400000e-07 -2.882400e-05
C2 1.499370e-04 1.725430e-04 1.720900e-05 -4.275000e-06 1.400000e-07 2.882400e-05
C3 1.545420e-04 1.691680e-04 1.702100e-05 7.867000e-06 1.786000e-06 -2.733900e-05
C4 1.545420e-04 1.691680e-04 1.702100e-05 -7.867000e-06 1.786000e-06 2.733900e-05
C5 1.601020e-04 1.653100e-04 1.722800e-05 7.568000e-06 3.354000e-06 -2.647300e-05
C6 1.601020e-04 1.653100e-04 1.722800e-05 -7.568000e-06 3.354000e-06 2.647300e-05
C7 1.463690e-04 1.598950e-04 1.761900e-05 4.989000e-06 2.667000e-06 -2.967300e-05
C8 1.463690e-04 1.598950e-04 1.761900e-05 -4.989000e-06 2.667000e-06 2.967300e-05
C9 1.511000e-04 1.693900e-04 1.701000e-05 5.674000e-06 -8.100000e-08 -2.643300e-05
C10 1.511000e-04 1.693900e-04 1.701000e-05 -5.674000e-06 -8.100000e-08 2.643300e-05
N1 1.716110e-04 1.904570e-04 1.850400e-05 9.581000e-06 -1.011000e-06 -4.888000e-05
N2 1.716110e-04 1.904570e-04 1.850400e-05 -9.581000e-06 -1.011000e-06 4.888000e-05

