Molecular-Toolbox 1.0.1
Code written and copyrighted by Janine George (2015-2016)
0 K
U*_11 U*_22 U*_33 U*_23 U*_13 U*_12
Cl1 1.628412e-04 2.229480e-04 1.870373e-05 -1.005345e-06 -1.111300e-05 -2.973921e-05
Cl2 1.628412e-04 2.229480e-04 1.870373e-05 1.005322e-06 -1.111300e-05 2.973919e-05
Cl3 2.114457e-04 2.016584e-04 1.791576e-05 2.097961e-05 4.766886e-06 -2.023209e-05
Cl4 2.114457e-04 2.016584e-04 1.791576e-05 -2.097964e-05 4.766885e-06 2.023207e-05
Cl5 1.499325e-04 1.571875e-04 2.354985e-05 2.268138e-07 1.019581e-05 -4.880880e-05
Cl6 1.499325e-04 1.571875e-04 2.354985e-05 -2.268342e-07 1.019580e-05 4.880877e-05
Cl7 1.643121e-04 2.351136e-04 1.782819e-05 3.635206e-06 -1.139001e-05 -2.336719e-05
Cl8 1.643121e-04 2.351136e-04 1.782819e-05 -3.635229e-06 -1.139001e-05 2.336717e-05
Cl9 2.197208e-04 1.888252e-04 1.868101e-05 1.956675e-05 9.519368e-06 -2.223269e-05
Cl10 2.197208e-04 1.888252e-04 1.868102e-05 -1.956677e-05 9.519368e-06 2.223266e-05
C1 1.455554e-04 1.671647e-04 1.670583e-05 4.559768e-06 -3.217633e-08 -2.850864e-05
C2 1.455554e-04 1.671647e-04 1.670584e-05 -4.559786e-06 -3.217842e-08 2.850862e-05
C3 1.501081e-04 1.640120e-04 1.649951e-05 8.087857e-06 1.554824e-06 -2.716250e-05
C4 1.501081e-04 1.640120e-04 1.649951e-05 -8.087872e-06 1.554822e-06 2.716249e-05
C5 1.555084e-04 1.601546e-04 1.671979e-05 7.814817e-06 3.141755e-06 -2.628392e-05
C6 1.555084e-04 1.601546e-04 1.671979e-05 -7.814837e-06 3.141753e-06 2.628390e-05
C7 1.420689e-04 1.548879e-04 1.707021e-05 5.312867e-06 2.422322e-06 -2.941194e-05
C8 1.420689e-04 1.548879e-04 1.707021e-05 -5.312883e-06 2.422319e-06 2.941193e-05
C9 1.468545e-04 1.641233e-04 1.648824e-05 5.998457e-06 -2.242302e-07 -2.631585e-05
C10 1.468545e-04 1.641233e-04 1.648824e-05 -5.998472e-06 -2.242320e-07 2.631584e-05
N1 1.670398e-04 1.851162e-04 1.799178e-05 9.866302e-06 -1.238498e-06 -4.831312e-05
N2 1.670398e-04 1.851162e-04 1.799178e-05 -9.866323e-06 -1.238502e-06 4.831310e-05

10 K
U*_11 U*_22 U*_33 U*_23 U*_13 U*_12
Cl1 1.676348e-04 2.295500e-04 1.923918e-05 -1.368366e-06 -1.105154e-05 -3.012702e-05
Cl2 1.676348e-04 2.295500e-04 1.923918e-05 1.368344e-06 -1.105154e-05 3.012700e-05
Cl3 2.169657e-04 2.075186e-04 1.850537e-05 2.097966e-05 5.055026e-06 -2.030406e-05
Cl4 2.169657e-04 2.075186e-04 1.850537e-05 -2.097969e-05 5.055025e-06 2.030404e-05
Cl5 1.547305e-04 1.626397e-04 2.423463e-05 -2.267848e-07 1.059246e-05 -4.956343e-05
Cl6 1.547305e-04 1.626397e-04 2.423463e-05 2.267637e-07 1.059246e-05 4.956340e-05
Cl7 1.688579e-04 2.419381e-04 1.840911e-05 3.284893e-06 -1.139502e-05 -2.335305e-05
Cl8 1.688579e-04 2.419381e-04 1.840911e-05 -3.284917e-06 -1.139503e-05 2.335303e-05
Cl9 2.254877e-04 1.946483e-04 1.922520e-05 1.947598e-05 9.836220e-06 -2.231165e-05
Cl10 2.254877e-04 1.946484e-04 1.922520e-05 -1.947600e-05 9.836215e-06 2.231162e-05
C1 1.499374e-04 1.725427e-04 1.720937e-05 4.274544e-06 1.403876e-07 -2.882363e-05
C2 1.499374e-04 1.725427e-04 1.720937e-05 -4.274562e-06 1.403855e-07 2.882361e-05
C3 1.545419e-04 1.691675e-04 1.702112e-05 7.867413e-06 1.786292e-06 -2.733885e-05
C4 1.545419e-04 1.691675e-04 1.702112e-05 -7.867428e-06 1.786290e-06 2.733883e-05
C5 1.601017e-04 1.653102e-04 1.722781e-05 7.568434e-06 3.354088e-06 -2.647254e-05
C6 1.601017e-04 1.653102e-04 1.722781e-05 -7.568454e-06 3.354086e-06 2.647251e-05
C7 1.463690e-04 1.598950e-04 1.761903e-05 4.988685e-06 2.666764e-06 -2.967338e-05
C8 1.463690e-04 1.598950e-04 1.761903e-05 -4.988703e-06 2.666762e-06 2.967337e-05
C9 1.511001e-04 1.693901e-04 1.700997e-05 5.674179e-06 -8.074635e-08 -2.643336e-05
C10 1.511001e-04 1.693901e-04 1.700997e-05 -5.674194e-06 -8.074822e-08 2.643334e-05
N1 1.716111e-04 1.904572e-04 1.850432e-05 9.581245e-06 -1.011416e-06 -4.887999e-05
N2 1.716111e-04 1.904572e-04 1.850432e-05 -9.581265e-06 -1.011419e-06 4.887996e-05

