Molecular-Toolbox 1.0.1
Code written and copyrighted by Janine George (2015-2016)
0 K
U_1 U_2 U_3
Cl1 2.853208e-03 5.577506e-03 6.781287e-03
Cl2 2.853208e-03 5.577506e-03 6.781287e-03
Cl3 2.898520e-03 5.381187e-03 7.145293e-03
Cl4 2.898520e-03 5.381187e-03 7.145293e-03
Cl5 2.842414e-03 5.183672e-03 5.570914e-03
Cl6 2.842414e-03 5.183672e-03 5.570914e-03
Cl7 2.840492e-03 5.540180e-03 7.010328e-03
Cl8 2.840492e-03 5.540180e-03 7.010328e-03
Cl9 2.917553e-03 5.563020e-03 6.881427e-03
Cl10 2.917553e-03 5.563020e-03 6.881427e-03
C1 3.250545e-03 3.708789e-03 5.503667e-03
C2 3.250545e-03 3.708789e-03 5.503667e-03
C3 3.292843e-03 3.552790e-03 5.573367e-03
C4 3.292843e-03 3.552790e-03 5.573367e-03
C5 3.300331e-03 3.685928e-03 5.490741e-03
C6 3.300331e-03 3.685928e-03 5.490741e-03
C7 3.251910e-03 3.526817e-03 5.270273e-03
C8 3.251910e-03 3.526817e-03 5.270273e-03
C9 3.257301e-03 3.617313e-03 5.499387e-03
C10 3.257301e-03 3.617313e-03 5.499387e-03
N1 3.485427e-03 3.563187e-03 6.837385e-03
N2 3.485427e-03 3.563187e-03 6.837385e-03
10 K
U_1 U_2 U_3
Cl1 2.957777e-03 5.755793e-03 6.933430e-03
Cl2 2.957777e-03 5.755793e-03 6.933430e-03
Cl3 3.036865e-03 5.531587e-03 7.298548e-03
Cl4 3.036865e-03 5.531587e-03 7.298548e-03
Cl5 2.965375e-03 5.342224e-03 5.718402e-03
Cl6 2.965375e-03 5.342224e-03 5.718402e-03
Cl7 2.947983e-03 5.727328e-03 7.161690e-03
Cl8 2.947983e-03 5.727328e-03 7.161690e-03
Cl9 3.057397e-03 5.709505e-03 7.032097e-03
Cl10 3.057397e-03 5.709505e-03 7.032097e-03
C1 3.354997e-03 3.855943e-03 5.632060e-03
C2 3.354997e-03 3.855943e-03 5.632060e-03
C3 3.426226e-03 3.674198e-03 5.696576e-03
C4 3.426226e-03 3.674198e-03 5.696576e-03
C5 3.440565e-03 3.800552e-03 5.615882e-03
C6 3.440565e-03 3.800552e-03 5.615882e-03
C7 3.370547e-03 3.666500e-03 5.387953e-03
C8 3.370547e-03 3.666500e-03 5.387953e-03
C9 3.364859e-03 3.767903e-03 5.619238e-03
C10 3.364859e-03 3.767903e-03 5.619238e-03
N1 3.599732e-03 3.699775e-03 6.971493e-03
N2 3.599732e-03 3.699775e-03 6.971493e-03
20 K
U_1 U_2 U_3
Cl1 3.340324e-03 6.530608e-03 7.559068e-03
Cl2 3.340324e-03 6.530608e-03 7.559068e-03
Cl3 3.496781e-03 6.274234e-03 7.931985e-03
Cl4 3.496781e-03 6.274234e-03 7.931985e-03
Cl5 3.396726e-03 6.000879e-03 6.358395e-03
Cl6 3.396726e-03 6.000879e-03 6.358395e-03
Cl7 3.336928e-03 6.569170e-03 7.789902e-03
Cl8 3.336928e-03 6.569170e-03 7.789902e-03
Cl9 3.521633e-03 6.418795e-03 7.658572e-03
Cl10 3.521633e-03 6.418795e-03 7.658572e-03
C1 3.738700e-03 4.374342e-03 6.082958e-03
C2 3.738700e-03 4.374342e-03 6.082958e-03
C3 3.875184e-03 4.151110e-03 6.111706e-03
C4 3.875184e-03 4.151110e-03 6.111706e-03
C5 3.899854e-03 4.259616e-03 6.057530e-03
C6 3.899854e-03 4.259616e-03 6.057530e-03
C7 3.786924e-03 4.190168e-03 5.781908e-03
C8 3.786924e-03 4.190168e-03 5.781908e-03
C9 3.752005e-03 4.324491e-03 6.021504e-03
C10 3.752005e-03 4.324491e-03 6.021504e-03
N1 4.007663e-03 4.191012e-03 7.468324e-03
N2 4.007663e-03 4.191012e-03 7.468324e-03
30 K
U_1 U_2 U_3
Cl1 3.899180e-03 7.716230e-03 8.595591e-03
Cl2 3.899180e-03 7.716230e-03 8.595591e-03
Cl3 4.136175e-03 7.426222e-03 9.008603e-03
Cl4 4.136175e-03 7.426222e-03 9.008603e-03
Cl5 3.999640e-03 6.805486e-03 7.512874e-03
Cl6 3.999640e-03 6.805486e-03 7.512874e-03
Cl7 3.901304e-03 7.812435e-03 8.868261e-03
Cl8 3.901304e-03 7.812435e-03 8.868261e-03
Cl9 4.163465e-03 7.528466e-03 8.721069e-03
Cl10 4.163465e-03 7.528466e-03 8.721069e-03
C1 4.299813e-03 5.114768e-03 6.741419e-03
C2 4.299813e-03 5.114768e-03 6.741419e-03
C3 4.504187e-03 4.845739e-03 6.709074e-03
C4 4.504187e-03 4.845739e-03 6.709074e-03
C5 4.534490e-03 4.947375e-03 6.704135e-03
C6 4.534490e-03 4.947375e-03 6.704135e-03
C7 4.377011e-03 4.935294e-03 6.339695e-03
C8 4.377011e-03 4.935294e-03 6.339695e-03
C9 4.315230e-03 5.109684e-03 6.598086e-03
C10 4.315230e-03 5.109684e-03 6.598086e-03
N1 4.595987e-03 4.900589e-03 8.214424e-03
N2 4.595987e-03 4.900589e-03 8.214424e-03
40 K
U_1 U_2 U_3
Cl1 4.539398e-03 9.094500e-03 9.909103e-03
Cl2 4.539398e-03 9.094500e-03 9.909103e-03
Cl3 4.858866e-03 8.767573e-03 1.038156e-02
Cl4 4.858866e-03 8.767573e-03 1.038156e-02
Cl5 4.680924e-03 7.721435e-03 8.901641e-03
Cl6 4.680924e-03 7.721435e-03 8.901641e-03
Cl7 4.549767e-03 9.219758e-03 1.025947e-02
Cl8 4.549767e-03 9.219758e-03 1.025947e-02
Cl9 4.888976e-03 8.825201e-03 1.007882e-02
Cl10 4.888976e-03 8.825201e-03 1.007882e-02
C1 4.942542e-03 5.956769e-03 7.519689e-03
C2 4.942542e-03 5.956769e-03 7.519689e-03
C3 5.216346e-03 5.640567e-03 7.408087e-03
C4 5.216346e-03 5.640567e-03 7.408087e-03
C5 5.247613e-03 5.740696e-03 7.469690e-03
C6 5.247613e-03 5.740696e-03 7.469690e-03
C7 5.047968e-03 5.774106e-03 6.990925e-03
C8 5.047968e-03 5.774106e-03 6.990925e-03
C9 4.960225e-03 5.995946e-03 7.273829e-03
C10 4.960225e-03 5.995946e-03 7.273829e-03
N1 5.266972e-03 5.713797e-03 9.110231e-03
N2 5.266972e-03 5.713797e-03 9.110231e-03
50 K
U_1 U_2 U_3
Cl1 5.222044e-03 1.057284e-02 1.139311e-02
Cl2 5.222044e-03 1.057284e-02 1.139311e-02
Cl3 5.623214e-03 1.020529e-02 1.193749e-02
Cl4 5.623214e-03 1.020529e-02 1.193749e-02
Cl5 5.402136e-03 8.746254e-03 1.039061e-02
Cl6 5.402136e-03 8.746254e-03 1.039061e-02
Cl7 5.238840e-03 1.071300e-02 1.184416e-02
Cl8 5.238840e-03 1.071300e-02 1.184416e-02
Cl9 5.655859e-03 1.022163e-02 1.161251e-02
Cl10 5.655859e-03 1.022163e-02 1.161251e-02
C1 5.624276e-03 6.848526e-03 8.372198e-03
C2 5.624276e-03 6.848526e-03 8.372198e-03
C3 5.968640e-03 6.484245e-03 8.169115e-03
C4 5.968640e-03 6.484245e-03 8.169115e-03
C5 6.000414e-03 6.585017e-03 8.308570e-03
C6 6.000414e-03 6.585017e-03 8.308570e-03
C7 5.758538e-03 6.653601e-03 7.706862e-03
C8 5.758538e-03 6.653601e-03 7.706862e-03
C9 5.645931e-03 6.931611e-03 8.008458e-03
C10 5.645931e-03 6.931611e-03 8.008458e-03
N1 5.976370e-03 6.578928e-03 1.010170e-02
N2 5.976370e-03 6.578928e-03 1.010170e-02
60 K
U_1 U_2 U_3
Cl1 5.928681e-03 1.211387e-02 1.298645e-02
Cl2 5.928681e-03 1.211387e-02 1.298645e-02
Cl3 6.411211e-03 1.170132e-02 1.360847e-02
Cl4 6.411211e-03 1.170132e-02 1.360847e-02
Cl5 6.146951e-03 9.848304e-03 1.193774e-02
Cl6 6.146951e-03 9.848304e-03 1.193774e-02
Cl7 5.951606e-03 1.226616e-02 1.354223e-02
Cl8 5.951606e-03 1.226616e-02 1.354223e-02
Cl9 6.445927e-03 1.168211e-02 1.325496e-02
Cl10 6.445927e-03 1.168211e-02 1.325496e-02
C1 6.329168e-03 7.765369e-03 9.275463e-03
C2 6.329168e-03 7.765369e-03 9.275463e-03
C3 6.741910e-03 7.355882e-03 8.971207e-03
C4 6.741910e-03 7.355882e-03 8.971207e-03
C5 6.775619e-03 7.455763e-03 9.196618e-03
C6 6.775619e-03 7.455763e-03 9.196618e-03
C7 6.491690e-03 7.547729e-03 8.474581e-03
C8 6.491690e-03 7.547729e-03 8.474581e-03
C9 6.353719e-03 7.893416e-03 8.783865e-03
C10 6.353719e-03 7.893416e-03 8.783865e-03
N1 6.708053e-03 7.471837e-03 1.116311e-02
N2 6.708053e-03 7.471837e-03 1.116311e-02
70 K
U_1 U_2 U_3
Cl1 6.650623e-03 1.369686e-02 1.464951e-02
Cl2 6.650623e-03 1.369686e-02 1.464951e-02
Cl3 7.214234e-03 1.323580e-02 1.535496e-02
Cl4 7.214234e-03 1.323580e-02 1.535496e-02
Cl5 6.907290e-03 1.100870e-02 1.352101e-02
Cl6 6.907290e-03 1.100870e-02 1.352101e-02
Cl7 6.680436e-03 1.386219e-02 1.530937e-02
Cl8 6.680436e-03 1.386219e-02 1.530937e-02
Cl9 7.253518e-03 1.318866e-02 1.496482e-02
Cl10 7.253518e-03 1.318866e-02 1.496482e-02
C1 7.047617e-03 8.697458e-03 1.021393e-02
C2 7.047617e-03 8.697458e-03 1.021393e-02
C3 7.528221e-03 8.244475e-03 9.802304e-03
C4 7.528221e-03 8.244475e-03 9.802304e-03
C5 7.563920e-03 8.344598e-03 1.011948e-02
C6 7.563920e-03 8.344598e-03 1.011948e-02
C7 7.241166e-03 8.441864e-03 9.283970e-03
C8 7.241166e-03 8.441864e-03 9.283970e-03
C9 7.076453e-03 8.869672e-03 9.589875e-03
C10 7.076453e-03 8.869672e-03 9.589875e-03
N1 7.453016e-03 8.382126e-03 1.227386e-02
N2 7.453016e-03 8.382126e-03 1.227386e-02
80 K
U_1 U_2 U_3
Cl1 7.382642e-03 1.531254e-02 1.635882e-02
Cl2 7.382642e-03 1.531254e-02 1.635882e-02
Cl3 8.029210e-03 1.479873e-02 1.715206e-02
Cl4 8.029210e-03 1.479873e-02 1.715206e-02
Cl5 7.677681e-03 1.220830e-02 1.513202e-02
Cl6 7.677681e-03 1.220830e-02 1.513202e-02
Cl7 7.419103e-03 1.549117e-02 1.712172e-02
Cl8 7.419103e-03 1.549117e-02 1.712172e-02
Cl9 8.071172e-03 1.472859e-02 1.672124e-02
Cl10 8.070981e-03 1.472803e-02 1.672199e-02
C1 7.774425e-03 9.638308e-03 1.118027e-02
C2 7.774425e-03 9.638308e-03 1.118027e-02
C3 8.323572e-03 9.143409e-03 1.065602e-02
C4 8.323572e-03 9.143409e-03 1.065602e-02
C5 8.361187e-03 9.242240e-03 1.106857e-02
C6 8.361187e-03 9.242240e-03 1.106857e-02
C7 7.998731e-03 9.328470e-03 1.013380e-02
C8 7.998731e-03 9.328470e-03 1.013380e-02
C9 7.808199e-03 9.852584e-03 1.042222e-02
C10 7.808199e-03 9.852584e-03 1.042222e-02
N1 8.208170e-03 9.303463e-03 1.342537e-02
N2 8.208170e-03 9.303463e-03 1.342537e-02
90 K
U_1 U_2 U_3
Cl1 8.124841e-03 1.695130e-02 1.810186e-02
Cl2 8.124841e-03 1.695130e-02 1.810186e-02
Cl3 8.852586e-03 1.638413e-02 1.898428e-02
Cl4 8.852586e-03 1.638413e-02 1.898428e-02
Cl5 8.457024e-03 1.343945e-02 1.676353e-02
Cl6 8.457024e-03 1.343945e-02 1.676353e-02
Cl7 8.166972e-03 1.714738e-02 1.896665e-02
Cl8 8.166972e-03 1.714738e-02 1.896665e-02
Cl9 8.897819e-03 1.629225e-02 1.851093e-02
Cl10 8.897819e-03 1.629225e-02 1.851093e-02
C1 8.508470e-03 1.058562e-02 1.216691e-02
C2 8.508470e-03 1.058562e-02 1.216691e-02
C3 9.124724e-03 1.005180e-02 1.152848e-02
C4 9.124724e-03 1.005180e-02 1.152848e-02
C5 9.165472e-03 1.014834e-02 1.203618e-02
C6 9.165472e-03 1.014834e-02 1.203618e-02
C7 8.763514e-03 1.020263e-02 1.101986e-02
C8 8.763514e-03 1.020263e-02 1.101986e-02
C9 8.547273e-03 1.083483e-02 1.127890e-02
C10 8.547273e-03 1.083483e-02 1.127890e-02
N1 8.970128e-03 1.023194e-02 1.460594e-02
N2 8.970128e-03 1.023194e-02 1.460594e-02
100 K
U_1 U_2 U_3
Cl1 8.873064e-03 1.860952e-02 1.986842e-02
Cl2 8.873064e-03 1.860952e-02 1.986842e-02
Cl3 9.682076e-03 1.798562e-02 2.084331e-02
Cl4 9.682076e-03 1.798562e-02 2.084331e-02
Cl5 9.243493e-03 1.469312e-02 1.841139e-02
Cl6 9.243493e-03 1.469312e-02 1.841139e-02
Cl7 8.921233e-03 1.882313e-02 2.083464e-02
Cl8 8.921233e-03 1.882313e-02 2.083464e-02
Cl9 9.730935e-03 1.787650e-02 2.032456e-02
Cl10 9.730935e-03 1.787650e-02 2.032456e-02
C1 9.248177e-03 1.153720e-02 1.316962e-02
C2 9.248177e-03 1.153720e-02 1.316962e-02
C3 9.931526e-03 1.096562e-02 1.241586e-02
C4 9.931526e-03 1.096562e-02 1.241586e-02
C5 9.974605e-03 1.105979e-02 1.301960e-02
C6 9.974605e-03 1.105979e-02 1.301960e-02
C7 9.533189e-03 1.106733e-02 1.193548e-02
C8 9.533189e-03 1.106733e-02 1.193548e-02
C9 9.291067e-03 1.180870e-02 1.216623e-02
C10 9.291067e-03 1.180870e-02 1.216623e-02
N1 9.737502e-03 1.116708e-02 1.581341e-02
N2 9.737502e-03 1.116708e-02 1.581341e-02
110 K
U_1 U_2 U_3
Cl1 9.627074e-03 2.028298e-02 2.165495e-02
Cl2 9.627074e-03 2.028298e-02 2.165495e-02
Cl3 1.051800e-02 1.960171e-02 2.272129e-02
Cl4 1.051800e-02 1.960171e-02 2.272129e-02
Cl5 1.003604e-02 1.596370e-02 2.007126e-02
Cl6 1.003604e-02 1.596370e-02 2.007126e-02
Cl7 9.682107e-03 2.051284e-02 2.272006e-02
Cl8 9.682107e-03 2.051284e-02 2.272006e-02
Cl9 1.056949e-02 1.947437e-02 2.215714e-02
Cl10 1.056949e-02 1.947437e-02 2.215714e-02
C1 9.991688e-03 1.249162e-02 1.418569e-02
C2 9.991688e-03 1.249162e-02 1.418569e-02
C3 1.074016e-02 1.188304e-02 1.331679e-02
C4 1.074016e-02 1.188304e-02 1.331679e-02
C5 1.078670e-02 1.197464e-02 1.401466e-02
C6 1.078670e-02 1.197464e-02 1.401466e-02
C7 1.030819e-02 1.192489e-02 1.287392e-02
C8 1.030819e-02 1.192489e-02 1.287392e-02
C9 1.003868e-02 1.276202e-02 1.308930e-02
C10 1.003868e-02 1.276202e-02 1.308930e-02
N1 1.050972e-02 1.210655e-02 1.703973e-02
N2 1.050972e-02 1.210655e-02 1.703973e-02
120 K
U_1 U_2 U_3
Cl1 1.038580e-02 2.196715e-02 2.345506e-02
Cl2 1.038580e-02 2.196715e-02 2.345506e-02
Cl3 1.135799e-02 2.122846e-02 2.461455e-02
Cl4 1.135799e-02 2.122846e-02 2.461455e-02
Cl5 1.083257e-02 1.724830e-02 2.174313e-02
Cl6 1.083257e-02 1.724830e-02 2.174313e-02
Cl7 1.044722e-02 2.221685e-02 2.461893e-02
Cl8 1.044722e-02 2.221685e-02 2.461893e-02
Cl9 1.141327e-02 2.108518e-02 2.400255e-02
Cl10 1.141327e-02 2.108518e-02 2.400255e-02
C1 1.073785e-02 1.344933e-02 1.521182e-02
C2 1.073785e-02 1.344933e-02 1.521182e-02
C3 1.155283e-02 1.280449e-02 1.422768e-02
C4 1.155283e-02 1.280449e-02 1.422768e-02
C5 1.160237e-02 1.289265e-02 1.502098e-02
C6 1.160237e-02 1.289265e-02 1.502098e-02
C7 1.108689e-02 1.277892e-02 1.382819e-02
C8 1.108689e-02 1.277892e-02 1.382819e-02
C9 1.078975e-02 1.369147e-02 1.405178e-02
C10 1.078975e-02 1.369147e-02 1.405178e-02
N1 1.128505e-02 1.305108e-02 1.828187e-02
N2 1.128505e-02 1.305108e-02 1.828187e-02
130 K
U_1 U_2 U_3
Cl1 1.114871e-02 2.366126e-02 2.526603e-02
Cl2 1.114871e-02 2.366126e-02 2.526603e-02
Cl3 1.220288e-02 2.286364e-02 2.651948e-02
Cl4 1.220288e-02 2.286364e-02 2.651948e-02
Cl5 1.163406e-02 1.854286e-02 2.342207e-02
Cl6 1.163406e-02 1.854286e-02 2.342207e-02
Cl7 1.121711e-02 2.392932e-02 2.652957e-02
Cl8 1.121711e-02 2.392932e-02 2.652957e-02
Cl9 1.226112e-02 2.270591e-02 2.585998e-02
Cl10 1.226112e-02 2.270591e-02 2.585998e-02
C1 1.148590e-02 1.440925e-02 1.624785e-02
C2 1.148590e-02 1.440925e-02 1.624785e-02
C3 1.236811e-02 1.372891e-02 1.514898e-02
C4 1.236811e-02 1.372891e-02 1.514898e-02
C5 1.242072e-02 1.381473e-02 1.603455e-02
C6 1.242072e-02 1.381473e-02 1.603455e-02
C7 1.186583e-02 1.363182e-02 1.479434e-02
C8 1.186583e-02 1.363182e-02 1.479434e-02
C9 1.154365e-02 1.460483e-02 1.504052e-02
C10 1.154365e-02 1.460483e-02 1.504052e-02
N1 1.206366e-02 1.399760e-02 1.953874e-02
N2 1.206366e-02 1.399760e-02 1.953874e-02
140 K
U_1 U_2 U_3
Cl1 1.191598e-02 2.536323e-02 2.708579e-02
Cl2 1.191598e-02 2.536323e-02 2.708579e-02
Cl3 1.305163e-02 2.450554e-02 2.843384e-02
Cl4 1.305163e-02 2.450554e-02 2.843384e-02
Cl5 1.243811e-02 1.984673e-02 2.510916e-02
Cl6 1.243811e-02 1.984673e-02 2.510916e-02
Cl7 1.198977e-02 2.565059e-02 2.844765e-02
Cl8 1.198977e-02 2.565059e-02 2.844765e-02
Cl9 1.311358e-02 2.433402e-02 2.772540e-02
Cl10 1.311358e-02 2.433402e-02 2.772540e-02
C1 1.223799e-02 1.537034e-02 1.728968e-02
C2 1.223799e-02 1.537034e-02 1.728968e-02
C3 1.318505e-02 1.465593e-02 1.607801e-02
C4 1.318505e-02 1.465593e-02 1.607801e-02
C5 1.324098e-02 1.473824e-02 1.705679e-02
C6 1.324098e-02 1.473824e-02 1.705679e-02
C7 1.264946e-02 1.448634e-02 1.576920e-02
C8 1.264946e-02 1.448634e-02 1.576920e-02
C9 1.230051e-02 1.551340e-02 1.604509e-02
C10 1.230051e-02 1.551340e-02 1.604509e-02
N1 1.284568e-02 1.494785e-02 2.080747e-02
N2 1.284568e-02 1.494785e-02 2.080747e-02
150 K
U_1 U_2 U_3
Cl1 1.268565e-02 2.707124e-02 2.891310e-02
Cl2 1.268565e-02 2.707124e-02 2.891310e-02
Cl3 1.390378e-02 2.615389e-02 3.035633e-02
Cl4 1.390378e-02 2.615389e-02 3.035633e-02
Cl5 1.324616e-02 2.115828e-02 2.680156e-02
Cl6 1.324616e-02 2.115828e-02 2.680156e-02
Cl7 1.276675e-02 2.737819e-02 3.037307e-02
Cl8 1.276675e-02 2.737819e-02 3.037307e-02
Cl9 1.396938e-02 2.596751e-02 2.959912e-02
Cl10 1.396938e-02 2.596751e-02 2.959912e-02
C1 1.299083e-02 1.633425e-02 1.833992e-02
C2 1.299083e-02 1.633425e-02 1.833992e-02
C3 1.400433e-02 1.558436e-02 1.701531e-02
C4 1.400433e-02 1.558436e-02 1.701531e-02
C5 1.406239e-02 1.566479e-02 1.808381e-02
C6 1.406239e-02 1.566479e-02 1.808381e-02
C7 1.343406e-02 1.534289e-02 1.675005e-02
C8 1.343406e-02 1.534289e-02 1.675005e-02
C9 1.305871e-02 1.642357e-02 1.705772e-02
C10 1.305871e-02 1.642357e-02 1.705772e-02
N1 1.362965e-02 1.589957e-02 2.208578e-02
N2 1.362965e-02 1.589957e-02 2.208578e-02
160 K
U_1 U_2 U_3
Cl1 1.345851e-02 2.878589e-02 3.074560e-02
Cl2 1.345851e-02 2.878589e-02 3.074560e-02
Cl3 1.475843e-02 2.780844e-02 3.228513e-02
Cl4 1.475843e-02 2.780844e-02 3.228513e-02
Cl5 1.405822e-02 2.247415e-02 2.850063e-02
Cl6 1.405822e-02 2.247415e-02 2.850063e-02
Cl7 1.354554e-02 2.911197e-02 3.230449e-02
Cl8 1.354554e-02 2.911197e-02 3.230449e-02
Cl9 1.482711e-02 2.760872e-02 3.147817e-02
Cl10 1.482711e-02 2.760872e-02 3.147817e-02
C1 1.374571e-02 1.730058e-02 1.939471e-02
C2 1.374571e-02 1.730058e-02 1.939471e-02
C3 1.482504e-02 1.651505e-02 1.795791e-02
C4 1.482504e-02 1.651505e-02 1.795791e-02
C5 1.488696e-02 1.659326e-02 1.911577e-02
C6 1.488696e-02 1.659326e-02 1.911577e-02
C7 1.422070e-02 1.620164e-02 1.773666e-02
C8 1.422070e-02 1.620164e-02 1.773666e-02
C9 1.381864e-02 1.733606e-02 1.807530e-02
C10 1.381864e-02 1.733606e-02 1.807530e-02
N1 1.441563e-02 1.685410e-02 2.337227e-02
N2 1.441563e-02 1.685410e-02 2.337227e-02
170 K
U_1 U_2 U_3
Cl1 1.423305e-02 3.050441e-02 3.258455e-02
Cl2 1.423305e-02 3.050441e-02 3.258455e-02
Cl3 1.561477e-02 2.946706e-02 3.421818e-02
Cl4 1.561477e-02 2.946706e-02 3.421818e-02
Cl5 1.487129e-02 2.379601e-02 3.020270e-02
Cl6 1.487129e-02 2.379601e-02 3.020270e-02
Cl7 1.432743e-02 3.085024e-02 3.424133e-02
Cl8 1.432743e-02 3.085024e-02 3.424133e-02
Cl9 1.568741e-02 2.925295e-02 3.336165e-02
Cl10 1.568741e-02 2.925295e-02 3.336165e-02
C1 1.450184e-02 1.826808e-02 2.045408e-02
C2 1.450184e-02 1.826808e-02 2.045408e-02
C3 1.564721e-02 1.744709e-02 1.890670e-02
C4 1.564721e-02 1.744709e-02 1.890670e-02
C5 1.571194e-02 1.752337e-02 2.015369e-02
C6 1.571194e-02 1.752337e-02 2.015369e-02
C7 1.500826e-02 1.706267e-02 1.872707e-02
C8 1.500826e-02 1.706267e-02 1.872707e-02
C9 1.458047e-02 1.825134e-02 1.909819e-02
C10 1.458047e-02 1.825134e-02 1.909819e-02
N1 1.520489e-02 1.781009e-02 2.466701e-02
N2 1.520489e-02 1.781009e-02 2.466701e-02
180 K
U_1 U_2 U_3
Cl1 1.501097e-02 3.222572e-02 3.442731e-02
Cl2 1.501097e-02 3.222572e-02 3.442731e-02
Cl3 1.647501e-02 3.112893e-02 3.615606e-02
Cl4 1.647501e-02 3.112893e-02 3.615606e-02
Cl5 1.568694e-02 2.512249e-02 3.190757e-02
Cl6 1.568694e-02 2.512249e-02 3.190757e-02
Cl7 1.511060e-02 3.259233e-02 3.618207e-02
Cl8 1.511060e-02 3.259233e-02 3.618207e-02
Cl9 1.655092e-02 3.090120e-02 3.525088e-02
Cl10 1.655092e-02 3.090120e-02 3.525088e-02
C1 1.525909e-02 1.923741e-02 2.151851e-02
C2 1.525909e-02 1.923741e-02 2.151851e-02
C3 1.647025e-02 1.838073e-02 1.986103e-02
C4 1.647025e-02 1.838073e-02 1.986103e-02
C5 1.653936e-02 1.845464e-02 2.119500e-02
C6 1.653936e-02 1.845464e-02 2.119500e-02
C7 1.579816e-02 1.792719e-02 1.971966e-02
C8 1.579816e-02 1.792719e-02 1.971966e-02
C9 1.534311e-02 1.917111e-02 2.012278e-02
C10 1.534311e-02 1.917111e-02 2.012278e-02
N1 1.599490e-02 1.876909e-02 2.596701e-02
N2 1.599490e-02 1.876909e-02 2.596701e-02
190 K
U_1 U_2 U_3
Cl1 1.579097e-02 3.395169e-02 3.627333e-02
Cl2 1.579097e-02 3.395169e-02 3.627333e-02
Cl3 1.733628e-02 3.279371e-02 3.809800e-02
Cl4 1.733628e-02 3.279371e-02 3.809800e-02
Cl5 1.650493e-02 2.645203e-02 3.361604e-02
Cl6 1.650493e-02 2.645203e-02 3.361604e-02
Cl7 1.589690e-02 3.433721e-02 3.812589e-02
Cl8 1.589690e-02 3.433721e-02 3.812589e-02
Cl9 1.741547e-02 3.255338e-02 3.714216e-02
Cl10 1.741547e-02 3.255338e-02 3.714216e-02
C1 1.601838e-02 2.020765e-02 2.258597e-02
C2 1.601838e-02 2.020765e-02 2.258597e-02
C3 1.729532e-02 1.931543e-02 2.081925e-02
C4 1.729532e-02 1.931543e-02 2.081925e-02
C5 1.736749e-02 1.938792e-02 2.224059e-02
C6 1.736749e-02 1.938792e-02 2.224059e-02
C7 1.658823e-02 1.879367e-02 2.071610e-02
C8 1.658823e-02 1.879367e-02 2.071610e-02
C9 1.610726e-02 2.009497e-02 2.114877e-02
C10 1.610726e-02 2.009497e-02 2.114877e-02
N1 1.678765e-02 1.972832e-02 2.727203e-02
N2 1.678765e-02 1.972832e-02 2.727203e-02
200 K
U_1 U_2 U_3
Cl1 1.657246e-02 3.568028e-02 3.812227e-02
Cl2 1.657246e-02 3.568028e-02 3.812227e-02
Cl3 1.819903e-02 3.446178e-02 4.004219e-02
Cl4 1.819903e-02 3.446178e-02 4.004219e-02
Cl5 1.732402e-02 2.778389e-02 3.532809e-02
Cl6 1.732402e-02 2.778389e-02 3.532809e-02
Cl7 1.668439e-02 3.608560e-02 4.007301e-02
Cl8 1.668439e-02 3.608560e-02 4.007301e-02
Cl9 1.828275e-02 3.420781e-02 3.903744e-02
Cl10 1.828275e-02 3.420781e-02 3.903744e-02
C1 1.677831e-02 2.117911e-02 2.365758e-02
C2 1.677831e-02 2.117911e-02 2.365758e-02
C3 1.812100e-02 2.025113e-02 2.178287e-02
C4 1.812100e-02 2.025113e-02 2.178287e-02
C5 1.819656e-02 2.032216e-02 2.328928e-02
C6 1.819656e-02 2.032216e-02 2.328928e-02
C7 1.737883e-02 1.966332e-02 2.171485e-02
C8 1.737883e-02 1.966332e-02 2.171485e-02
C9 1.687260e-02 2.102262e-02 2.217778e-02
C10 1.687260e-02 2.102262e-02 2.217778e-02
N1 1.758143e-02 2.069016e-02 2.858241e-02
N2 1.758143e-02 2.069016e-02 2.858241e-02
210 K
U_1 U_2 U_3
Cl1 1.735535e-02 3.741067e-02 3.997397e-02
Cl2 1.735535e-02 3.741067e-02 3.997397e-02
Cl3 1.906399e-02 3.613197e-02 4.199004e-02
Cl4 1.906399e-02 3.613197e-02 4.199004e-02
Cl5 1.814468e-02 2.911937e-02 3.704194e-02
Cl6 1.814468e-02 2.911937e-02 3.704194e-02
Cl7 1.747315e-02 3.783702e-02 4.202282e-02
Cl8 1.747315e-02 3.783702e-02 4.202282e-02
Cl9 1.915054e-02 3.586497e-02 4.093450e-02
Cl10 1.915054e-02 3.586497e-02 4.093450e-02
C1 1.753875e-02 2.215284e-02 2.473140e-02
C2 1.753875e-02 2.215284e-02 2.473140e-02
C3 1.894727e-02 2.118713e-02 2.274960e-02
C4 1.894727e-02 2.118713e-02 2.274960e-02
C5 1.902710e-02 2.125851e-02 2.434138e-02
C6 1.902710e-02 2.125851e-02 2.434138e-02
C7 1.817181e-02 2.053618e-02 2.271501e-02
C8 1.817181e-02 2.053618e-02 2.271501e-02
C9 1.763913e-02 2.195219e-02 2.320768e-02
C10 1.763872e-02 2.195188e-02 2.320840e-02
N1 1.837761e-02 2.165279e-02 2.989760e-02
N2 1.837761e-02 2.165279e-02 2.989760e-02
220 K
U_1 U_2 U_3
Cl1 1.813938e-02 3.914406e-02 4.182855e-02
Cl2 1.813938e-02 3.914406e-02 4.182855e-02
Cl3 1.992975e-02 3.780430e-02 4.393995e-02
Cl4 1.992975e-02 3.780430e-02 4.393995e-02
Cl5 1.896717e-02 3.045723e-02 3.875861e-02
Cl6 1.896717e-02 3.045723e-02 3.875861e-02
Cl7 1.826318e-02 3.958983e-02 4.397500e-02
Cl8 1.826318e-02 3.958983e-02 4.397500e-02
Cl9 2.002076e-02 3.752384e-02 4.283540e-02
Cl10 2.002076e-02 3.752384e-02 4.283540e-02
C1 1.830023e-02 2.312847e-02 2.580730e-02
C2 1.830023e-02 2.312847e-02 2.580730e-02
C3 1.977550e-02 2.212518e-02 2.372032e-02
C4 1.977550e-02 2.212518e-02 2.372032e-02
C5 1.985829e-02 2.219585e-02 2.539586e-02
C6 1.985829e-02 2.219585e-02 2.539586e-02
C7 1.896578e-02 2.140975e-02 2.371647e-02
C8 1.896578e-02 2.140975e-02 2.371647e-02
C9 1.840681e-02 2.288558e-02 2.423961e-02
C10 1.840681e-02 2.288558e-02 2.423961e-02
N1 1.917442e-02 2.261663e-02 3.121595e-02
N2 1.917442e-02 2.261663e-02 3.121595e-02
230 K
U_1 U_2 U_3
Cl1 1.892513e-02 4.087871e-02 4.368516e-02
Cl2 1.892513e-02 4.087871e-02 4.368516e-02
Cl3 2.079691e-02 3.947987e-02 4.589122e-02
Cl4 2.079691e-02 3.947987e-02 4.589122e-02
Cl5 1.979136e-02 3.179640e-02 4.047625e-02
Cl6 1.979136e-02 3.179640e-02 4.047625e-02
Cl7 1.905520e-02 4.134463e-02 4.592917e-02
Cl8 1.905520e-02 4.134463e-02 4.592917e-02
Cl9 2.089101e-02 3.918564e-02 4.473735e-02
Cl10 2.089101e-02 3.918564e-02 4.473735e-02
C1 1.906447e-02 2.410378e-02 2.688775e-02
C2 1.906447e-02 2.410378e-02 2.688775e-02
C3 2.060527e-02 2.306481e-02 2.469292e-02
C4 2.060527e-02 2.306481e-02 2.469292e-02
C5 2.069064e-02 2.313317e-02 2.645319e-02
C6 2.069064e-02 2.313317e-02 2.645319e-02
C7 1.975940e-02 2.228623e-02 2.472038e-02
C8 1.975940e-02 2.228623e-02 2.472038e-02
C9 1.917442e-02 2.382219e-02 2.527238e-02
C10 1.917442e-02 2.382219e-02 2.527238e-02
N1 1.997306e-02 2.358195e-02 3.253798e-02
N2 1.997306e-02 2.358195e-02 3.253798e-02
240 K
U_1 U_2 U_3
Cl1 1.971216e-02 4.261510e-02 4.554273e-02
Cl2 1.971216e-02 4.261510e-02 4.554273e-02
Cl3 2.166596e-02 4.115606e-02 4.784498e-02
Cl4 2.166596e-02 4.115606e-02 4.784498e-02
Cl5 2.061546e-02 3.313657e-02 4.219597e-02
Cl6 2.061546e-02 3.313657e-02 4.219597e-02
Cl7 1.984875e-02 4.310099e-02 4.788426e-02
Cl8 1.984875e-02 4.310099e-02 4.788426e-02
Cl9 2.176352e-02 4.084889e-02 4.664059e-02
Cl10 2.176352e-02 4.084889e-02 4.664059e-02
C1 1.982749e-02 2.508196e-02 2.796855e-02
C2 1.982749e-02 2.508196e-02 2.796855e-02
C3 2.143456e-02 2.400415e-02 2.566929e-02
C4 2.143456e-02 2.400415e-02 2.566929e-02
C5 2.152353e-02 2.407241e-02 2.751306e-02
C6 2.152353e-02 2.407241e-02 2.751306e-02
C7 2.055488e-02 2.316536e-02 2.572476e-02
C8 2.055488e-02 2.316536e-02 2.572476e-02
C9 1.994389e-02 2.476086e-02 2.630524e-02
C10 1.994389e-02 2.476086e-02 2.630524e-02
N1 2.077368e-02 2.454802e-02 3.386230e-02
N2 2.077368e-02 2.454802e-02 3.386230e-02
250 K
U_1 U_2 U_3
Cl1 2.050033e-02 4.435256e-02 4.740311e-02
Cl2 2.050033e-02 4.435256e-02 4.740311e-02
Cl3 2.253593e-02 4.283251e-02 4.980056e-02
Cl4 2.253593e-02 4.283251e-02 4.980056e-02
Cl5 2.144156e-02 3.448042e-02 4.391701e-02
Cl6 2.144156e-02 3.448042e-02 4.391701e-02
Cl7 2.064218e-02 4.485938e-02 4.984144e-02
Cl8 2.064218e-02 4.485938e-02 4.984144e-02
Cl9 2.263659e-02 4.251315e-02 4.854626e-02
Cl10 2.263659e-02 4.251315e-02 4.854626e-02
C1 2.059189e-02 2.606036e-02 2.905275e-02
C2 2.059189e-02 2.606036e-02 2.905275e-02
C3 2.226499e-02 2.494479e-02 2.664722e-02
C4 2.226499e-02 2.494479e-02 2.664722e-02
C5 2.235834e-02 2.501248e-02 2.857518e-02
C6 2.235834e-02 2.501248e-02 2.857518e-02
C7 2.135043e-02 2.404533e-02 2.673224e-02
C8 2.135043e-02 2.404533e-02 2.673224e-02
C9 2.071389e-02 2.570212e-02 2.734099e-02
C10 2.071389e-02 2.570212e-02 2.734099e-02
N1 2.157486e-02 2.551536e-02 3.518978e-02
N2 2.157486e-02 2.551536e-02 3.518978e-02
260 K
U_1 U_2 U_3
Cl1 2.128908e-02 4.609310e-02 4.926282e-02
Cl2 2.128908e-02 4.609310e-02 4.926282e-02
Cl3 2.340610e-02 4.451168e-02 5.175722e-02
Cl4 2.340610e-02 4.451168e-02 5.175722e-02
Cl5 2.226824e-02 3.582390e-02 4.563886e-02
Cl6 2.226824e-02 3.582390e-02 4.563886e-02
Cl7 2.143726e-02 4.661914e-02 5.180060e-02
Cl8 2.143726e-02 4.661914e-02 5.180060e-02
Cl9 2.351124e-02 4.417854e-02 5.045322e-02
Cl10 2.351096e-02 4.417896e-02 5.045309e-02
C1 2.135698e-02 2.703888e-02 3.013815e-02
C2 2.135698e-02 2.703888e-02 3.013815e-02
C3 2.309636e-02 2.588495e-02 2.762869e-02
C4 2.309636e-02 2.588495e-02 2.762869e-02
C5 2.319294e-02 2.595361e-02 2.963845e-02
C6 2.319294e-02 2.595361e-02 2.963845e-02
C7 2.214741e-02 2.492806e-02 2.773853e-02
C8 2.214741e-02 2.492806e-02 2.773853e-02
C9 2.148433e-02 2.664559e-02 2.837608e-02
C10 2.148433e-02 2.664559e-02 2.837608e-02
N1 2.237738e-02 2.648323e-02 3.652039e-02
N2 2.237738e-02 2.648323e-02 3.652039e-02
270 K
U_1 U_2 U_3
Cl1 2.207838e-02 4.783355e-02 5.112607e-02
Cl2 2.207838e-02 4.783355e-02 5.112607e-02
Cl3 2.427684e-02 4.619193e-02 5.371522e-02
Cl4 2.427684e-02 4.619193e-02 5.371522e-02
Cl5 2.309573e-02 3.717007e-02 4.736320e-02
Cl6 2.309573e-02 3.717007e-02 4.736320e-02
Cl7 2.223321e-02 4.838008e-02 5.375970e-02
Cl8 2.223321e-02 4.838008e-02 5.375970e-02
Cl9 2.438716e-02 4.584567e-02 5.236017e-02
Cl10 2.438716e-02 4.584567e-02 5.236017e-02
C1 2.212250e-02 2.802003e-02 3.122547e-02
C2 2.212250e-02 2.802003e-02 3.122547e-02
C3 2.392921e-02 2.682793e-02 2.861087e-02
C4 2.392921e-02 2.682793e-02 2.861087e-02
C5 2.402834e-02 2.689605e-02 3.070461e-02
C6 2.402834e-02 2.689605e-02 3.070461e-02
C7 2.294460e-02 2.581250e-02 2.874790e-02
C8 2.294460e-02 2.581250e-02 2.874790e-02
C9 2.225496e-02 2.759166e-02 2.941238e-02
C10 2.225496e-02 2.759166e-02 2.941238e-02
N1 2.318047e-02 2.745204e-02 3.785349e-02
N2 2.318047e-02 2.745204e-02 3.785349e-02
280 K
U_1 U_2 U_3
Cl1 2.286950e-02 4.957576e-02 5.298874e-02
Cl2 2.286950e-02 4.957576e-02 5.298874e-02
Cl3 2.514901e-02 4.787311e-02 5.567388e-02
Cl4 2.514901e-02 4.787311e-02 5.567388e-02
Cl5 2.392432e-02 3.851658e-02 4.908711e-02
Cl6 2.392432e-02 3.851658e-02 4.908711e-02
Cl7 2.302965e-02 5.014150e-02 5.572085e-02
Cl8 2.302965e-02 5.014150e-02 5.572085e-02
Cl9 2.526266e-02 4.751445e-02 5.426989e-02
Cl10 2.526266e-02 4.751445e-02 5.426989e-02
C1 2.288897e-02 2.900151e-02 3.231452e-02
C2 2.288897e-02 2.900151e-02 3.231452e-02
C3 2.476177e-02 2.777028e-02 2.959695e-02
C4 2.476177e-02 2.777028e-02 2.959695e-02
C5 2.486486e-02 2.783828e-02 3.177086e-02
C6 2.486486e-02 2.783828e-02 3.177086e-02
C7 2.374266e-02 2.669872e-02 2.975662e-02
C8 2.374266e-02 2.669872e-02 2.975662e-02
C9 2.302778e-02 2.853932e-02 3.044991e-02
C10 2.302778e-02 2.853932e-02 3.044991e-02
N1 2.398546e-02 2.842164e-02 3.918689e-02
N2 2.398546e-02 2.842164e-02 3.918689e-02
290 K
U_1 U_2 U_3
Cl1 2.366076e-02 5.131804e-02 5.485320e-02
Cl2 2.366076e-02 5.131804e-02 5.485320e-02
Cl3 2.602246e-02 4.955550e-02 5.763404e-02
Cl4 2.602246e-02 4.955550e-02 5.763404e-02
Cl5 2.475352e-02 3.986406e-02 5.081242e-02
Cl6 2.475352e-02 3.986406e-02 5.081242e-02
Cl7 2.382678e-02 5.190520e-02 5.768302e-02
Cl8 2.382678e-02 5.190520e-02 5.768302e-02
Cl9 2.614001e-02 4.918230e-02 5.617970e-02
Cl10 2.614001e-02 4.918230e-02 5.617970e-02
C1 2.365603e-02 2.998333e-02 3.340464e-02
C2 2.365603e-02 2.998333e-02 3.340464e-02
C3 2.559598e-02 2.871303e-02 3.058399e-02
C4 2.559598e-02 2.871303e-02 3.058399e-02
C5 2.570215e-02 2.878172e-02 3.284013e-02
C6 2.570215e-02 2.878172e-02 3.284013e-02
C7 2.454118e-02 2.758629e-02 3.076553e-02
C8 2.454118e-02 2.758629e-02 3.076553e-02
C9 2.380015e-02 2.948807e-02 3.148778e-02
C10 2.380015e-02 2.948807e-02 3.148778e-02
N1 2.479062e-02 2.939272e-02 4.052266e-02
N2 2.479062e-02 2.939272e-02 4.052266e-02
300 K
U_1 U_2 U_3
Cl1 2.445301e-02 5.306132e-02 5.671867e-02
Cl2 2.445301e-02 5.306132e-02 5.671867e-02
Cl3 2.689583e-02 5.123780e-02 5.959537e-02
Cl4 2.689583e-02 5.123780e-02 5.959537e-02
Cl5 2.558353e-02 4.121160e-02 5.253886e-02
Cl6 2.558353e-02 4.121160e-02 5.253886e-02
Cl7 2.462478e-02 5.366773e-02 5.964649e-02
Cl8 2.462478e-02 5.366773e-02 5.964649e-02
Cl9 2.701684e-02 5.085275e-02 5.809141e-02
Cl10 2.701684e-02 5.085275e-02 5.809141e-02
C1 2.442459e-02 3.096574e-02 3.449567e-02
C2 2.442459e-02 3.096574e-02 3.449567e-02
C3 2.642958e-02 2.965733e-02 3.157209e-02
C4 2.642958e-02 2.965733e-02 3.157209e-02
C5 2.653929e-02 2.972634e-02 3.391036e-02
C6 2.653929e-02 2.972634e-02 3.391036e-02
C7 2.534077e-02 2.847492e-02 3.177730e-02
C8 2.534077e-02 2.847492e-02 3.177730e-02
C9 2.457376e-02 3.043906e-02 3.252618e-02
C10 2.457376e-02 3.043906e-02 3.252618e-02
N1 2.559738e-02 3.036294e-02 4.186168e-02
N2 2.559738e-02 3.036294e-02 4.186168e-02
