Molecular-Toolbox 1.0.1
Code written and copyrighted by Janine George (2015-2016)
0 K
U*_11 U*_22 U*_33 U*_23 U*_13 U*_12
Cl1 1.628412e-04 2.229480e-04 1.870373e-05 -1.005345e-06 -1.111300e-05 -2.973921e-05
Cl2 1.628412e-04 2.229480e-04 1.870373e-05 1.005323e-06 -1.111300e-05 2.973919e-05
Cl3 2.114457e-04 2.016584e-04 1.791576e-05 2.097962e-05 4.766885e-06 -2.023209e-05
Cl4 2.114457e-04 2.016584e-04 1.791576e-05 -2.097964e-05 4.766885e-06 2.023207e-05
Cl5 1.499325e-04 1.571875e-04 2.354986e-05 2.268138e-07 1.019581e-05 -4.880880e-05
Cl6 1.499325e-04 1.571874e-04 2.354986e-05 -2.268342e-07 1.019580e-05 4.880877e-05
Cl7 1.643121e-04 2.351136e-04 1.782819e-05 3.635206e-06 -1.139001e-05 -2.336719e-05
Cl8 1.643121e-04 2.351136e-04 1.782819e-05 -3.635229e-06 -1.139001e-05 2.336717e-05
Cl9 2.197208e-04 1.888252e-04 1.868101e-05 1.956675e-05 9.519370e-06 -2.223269e-05
Cl10 2.197208e-04 1.888252e-04 1.868102e-05 -1.956677e-05 9.519369e-06 2.223266e-05
C1 1.455554e-04 1.671647e-04 1.670583e-05 4.559768e-06 -3.217632e-08 -2.850864e-05
C2 1.455554e-04 1.671647e-04 1.670583e-05 -4.559786e-06 -3.217842e-08 2.850862e-05
C3 1.501082e-04 1.640120e-04 1.649951e-05 8.087857e-06 1.554824e-06 -2.716250e-05
C4 1.501082e-04 1.640120e-04 1.649951e-05 -8.087875e-06 1.554822e-06 2.716248e-05
C5 1.555084e-04 1.601546e-04 1.671979e-05 7.814819e-06 3.141755e-06 -2.628391e-05
C6 1.555084e-04 1.601546e-04 1.671980e-05 -7.814837e-06 3.141753e-06 2.628389e-05
C7 1.420689e-04 1.548879e-04 1.707021e-05 5.312867e-06 2.422322e-06 -2.941194e-05
C8 1.420689e-04 1.548879e-04 1.707021e-05 -5.312884e-06 2.422320e-06 2.941193e-05
C9 1.468545e-04 1.641233e-04 1.648824e-05 5.998455e-06 -2.242302e-07 -2.631585e-05
C10 1.468545e-04 1.641233e-04 1.648824e-05 -5.998473e-06 -2.242320e-07 2.631584e-05
N1 1.670398e-04 1.851162e-04 1.799178e-05 9.866302e-06 -1.238498e-06 -4.831312e-05
N2 1.670398e-04 1.851162e-04 1.799179e-05 -9.866322e-06 -1.238502e-06 4.831310e-05

10 K
U*_11 U*_22 U*_33 U*_23 U*_13 U*_12
Cl1 1.676348e-04 2.295501e-04 1.923918e-05 -1.368366e-06 -1.105154e-05 -3.012702e-05
Cl2 1.676348e-04 2.295500e-04 1.923918e-05 1.368343e-06 -1.105154e-05 3.012700e-05
Cl3 2.169657e-04 2.075186e-04 1.850537e-05 2.097966e-05 5.055026e-06 -2.030406e-05
Cl4 2.169657e-04 2.075186e-04 1.850537e-05 -2.097969e-05 5.055025e-06 2.030403e-05
Cl5 1.547305e-04 1.626397e-04 2.423463e-05 -2.267848e-07 1.059246e-05 -4.956343e-05
Cl6 1.547305e-04 1.626397e-04 2.423463e-05 2.267638e-07 1.059245e-05 4.956341e-05
Cl7 1.688579e-04 2.419381e-04 1.840911e-05 3.284893e-06 -1.139502e-05 -2.335305e-05
Cl8 1.688579e-04 2.419381e-04 1.840911e-05 -3.284917e-06 -1.139502e-05 2.335303e-05
Cl9 2.254877e-04 1.946484e-04 1.922520e-05 1.947598e-05 9.836218e-06 -2.231165e-05
Cl10 2.254877e-04 1.946484e-04 1.922520e-05 -1.947601e-05 9.836217e-06 2.231162e-05
C1 1.499374e-04 1.725427e-04 1.720937e-05 4.274544e-06 1.403877e-07 -2.882363e-05
C2 1.499374e-04 1.725427e-04 1.720937e-05 -4.274562e-06 1.403855e-07 2.882361e-05
C3 1.545418e-04 1.691675e-04 1.702112e-05 7.867412e-06 1.786293e-06 -2.733884e-05
C4 1.545418e-04 1.691675e-04 1.702112e-05 -7.867430e-06 1.786291e-06 2.733882e-05
C5 1.601017e-04 1.653102e-04 1.722781e-05 7.568434e-06 3.354088e-06 -2.647253e-05
C6 1.601016e-04 1.653102e-04 1.722781e-05 -7.568452e-06 3.354086e-06 2.647251e-05
C7 1.463690e-04 1.598950e-04 1.761903e-05 4.988685e-06 2.666764e-06 -2.967339e-05
C8 1.463690e-04 1.598950e-04 1.761903e-05 -4.988703e-06 2.666762e-06 2.967337e-05
C9 1.511001e-04 1.693901e-04 1.700997e-05 5.674178e-06 -8.074634e-08 -2.643336e-05
C10 1.511001e-04 1.693901e-04 1.700997e-05 -5.674196e-06 -8.074823e-08 2.643334e-05
N1 1.716111e-04 1.904572e-04 1.850432e-05 9.581244e-06 -1.011416e-06 -4.887999e-05
N2 1.716111e-04 1.904572e-04 1.850432e-05 -9.581265e-06 -1.011420e-06 4.887997e-05

20 K
U*_11 U*_22 U*_33 U*_23 U*_13 U*_12
Cl1 1.871237e-04 2.569967e-04 2.133638e-05 -2.937920e-06 -1.140640e-05 -3.061803e-05
Cl2 1.871237e-04 2.569967e-04 2.133638e-05 2.937894e-06 -1.140640e-05 3.061801e-05
Cl3 2.424049e-04 2.308482e-04 2.083116e-05 2.217225e-05 6.870031e-06 -1.873169e-05
Cl4 2.424049e-04 2.308482e-04 2.083117e-05 -2.217227e-05 6.870030e-06 1.873166e-05
Cl5 1.733811e-04 1.823716e-04 2.745364e-05 -2.144584e-06 1.304901e-05 -5.317082e-05
Cl6 1.733811e-04 1.823716e-04 2.745364e-05 2.144560e-06 1.304901e-05 5.317080e-05
Cl7 1.870107e-04 2.716843e-04 2.070634e-05 1.739903e-06 -1.200694e-05 -2.174477e-05
Cl8 1.870107e-04 2.716843e-04 2.070634e-05 -1.739930e-06 -1.200694e-05 2.174475e-05
Cl9 2.526936e-04 2.167540e-04 2.131948e-05 2.003308e-05 1.169157e-05 -2.111209e-05
Cl10 2.526936e-04 2.167540e-04 2.131948e-05 -2.003310e-05 1.169157e-05 2.111205e-05
C1 1.659238e-04 1.914957e-04 1.898300e-05 3.379699e-06 8.059433e-07 -2.939120e-05
C2 1.659238e-04 1.914957e-04 1.898300e-05 -3.379720e-06 8.059411e-07 2.939117e-05
C3 1.711202e-04 1.866740e-04 1.889847e-05 7.464885e-06 2.953984e-06 -2.684550e-05
C4 1.711202e-04 1.866740e-04 1.889847e-05 -7.464906e-06 2.953982e-06 2.684548e-05
C5 1.777952e-04 1.830021e-04 1.900555e-05 6.997557e-06 4.347925e-06 -2.645481e-05
C6 1.777952e-04 1.830021e-04 1.900555e-05 -6.997578e-06 4.347923e-06 2.645479e-05
C7 1.615991e-04 1.767339e-04 1.971872e-05 3.925157e-06 3.865059e-06 -3.021282e-05
C8 1.615991e-04 1.767339e-04 1.971872e-05 -3.925177e-06 3.865057e-06 3.021280e-05
C9 1.664534e-04 1.877867e-04 1.888361e-05 4.583879e-06 4.562585e-07 -2.572567e-05
C10 1.664534e-04 1.877867e-04 1.888361e-05 -4.583899e-06 4.562566e-07 2.572565e-05
N1 1.889015e-04 2.088538e-04 2.040912e-05 8.726545e-06 -7.526050e-09 -5.130025e-05
N2 1.889015e-04 2.088538e-04 2.040912e-05 -8.726567e-06 -7.529804e-09 5.130023e-05

30 K
U*_11 U*_22 U*_33 U*_23 U*_13 U*_12
Cl1 2.171412e-04 2.993164e-04 2.464635e-05 -5.077637e-06 -1.252899e-05 -3.217082e-05
Cl2 2.171412e-04 2.993164e-04 2.464635e-05 5.077607e-06 -1.252900e-05 3.217080e-05
Cl3 2.825551e-04 2.674931e-04 2.434963e-05 2.492182e-05 9.378619e-06 -1.728616e-05
Cl4 2.825551e-04 2.674931e-04 2.434964e-05 -2.492185e-05 9.378618e-06 1.728612e-05
Cl5 2.008027e-04 2.106712e-04 3.237280e-05 -4.683620e-06 1.683380e-05 -5.908796e-05
Cl6 2.008027e-04 2.106712e-04 3.237280e-05 4.683592e-06 1.683380e-05 5.908793e-05
Cl7 2.153439e-04 3.180839e-04 2.417101e-05 3.934163e-08 -1.343301e-05 -2.031812e-05
Cl8 2.153439e-04 3.180839e-04 2.417101e-05 -3.937291e-08 -1.343301e-05 2.031810e-05
Cl9 2.956920e-04 2.506914e-04 2.461498e-05 2.186194e-05 1.464687e-05 -2.035435e-05
Cl10 2.956920e-04 2.506914e-04 2.461498e-05 -2.186197e-05 1.464687e-05 2.035431e-05
C1 1.890129e-04 2.184601e-04 2.161854e-05 2.212504e-06 1.761585e-06 -3.012368e-05
C2 1.890129e-04 2.184601e-04 2.161854e-05 -2.212528e-06 1.761583e-06 3.012365e-05
C3 1.951177e-04 2.113759e-04 2.161460e-05 7.178781e-06 4.740661e-06 -2.582912e-05
C4 1.951177e-04 2.113759e-04 2.161460e-05 -7.178805e-06 4.740659e-06 2.582909e-05
C5 2.036821e-04 2.079266e-04 2.164928e-05 6.504453e-06 5.973124e-06 -2.632829e-05
C6 2.036821e-04 2.079266e-04 2.164928e-05 -6.504477e-06 5.973122e-06 2.632827e-05
C7 1.832994e-04 1.999893e-04 2.278419e-05 2.602226e-06 5.743101e-06 -3.087505e-05
C8 1.832994e-04 1.999893e-04 2.278419e-05 -2.602249e-06 5.743098e-06 3.087502e-05
C9 1.885332e-04 2.137126e-04 2.160101e-05 3.233725e-06 1.287594e-06 -2.445710e-05
C10 1.885332e-04 2.137126e-04 2.160101e-05 -3.233749e-06 1.287592e-06 2.445707e-05
N1 2.140651e-04 2.350394e-04 2.332066e-05 7.743164e-06 1.581232e-06 -5.532918e-05
N2 2.140651e-04 2.350394e-04 2.332066e-05 -7.743190e-06 1.581228e-06 5.532915e-05

40 K
U*_11 U*_22 U*_33 U*_23 U*_13 U*_12
Cl1 2.529166e-04 3.498330e-04 2.861066e-05 -7.242249e-06 -1.427756e-05 -3.531914e-05
Cl2 2.529166e-04 3.498329e-04 2.861066e-05 7.242214e-06 -1.427756e-05 3.531911e-05
Cl3 3.305725e-04 3.118157e-04 2.847170e-05 2.868417e-05 1.189074e-05 -1.705293e-05
Cl4 3.305725e-04 3.118157e-04 2.847171e-05 -2.868421e-05 1.189074e-05 1.705289e-05
Cl5 2.328113e-04 2.436443e-04 3.807655e-05 -7.273421e-06 2.103746e-05 -6.672087e-05
Cl6 2.328113e-04 2.436442e-04 3.807655e-05 7.273389e-06 2.103745e-05 6.672083e-05
Cl7 2.495393e-04 3.734593e-04 2.823100e-05 -1.362005e-06 -1.546269e-05 -2.011761e-05
Cl8 2.495393e-04 3.734593e-04 2.823100e-05 1.361968e-06 -1.546269e-05 2.011758e-05
Cl9 3.470533e-04 2.915274e-04 2.856812e-05 2.462581e-05 1.792065e-05 -2.091772e-05
Cl10 3.470533e-04 2.915275e-04 2.856813e-05 -2.462584e-05 1.792064e-05 2.091768e-05
C1 2.155703e-04 2.494303e-04 2.468512e-05 9.806731e-07 2.793096e-06 -3.121071e-05
C2 2.155703e-04 2.494303e-04 2.468512e-05 -9.807005e-07 2.793094e-06 3.121068e-05
C3 2.226855e-04 2.396756e-04 2.473437e-05 6.996438e-06 6.741298e-06 -2.476362e-05
C4 2.226855e-04 2.396756e-04 2.473437e-05 -6.996465e-06 6.741296e-06 2.476359e-05
C5 2.335999e-04 2.364488e-04 2.472381e-05 6.167181e-06 7.862624e-06 -2.641596e-05
C6 2.335999e-04 2.364488e-04 2.472381e-05 -6.167208e-06 7.862623e-06 2.641593e-05
C7 2.081023e-04 2.263974e-04 2.629410e-05 1.227533e-06 7.867327e-06 -3.174175e-05
C8 2.081023e-04 2.263974e-04 2.629410e-05 -1.227560e-06 7.867324e-06 3.174172e-05
C9 2.139245e-04 2.432734e-04 2.472220e-05 1.857608e-06 2.207190e-06 -2.316482e-05
C10 2.139245e-04 2.432734e-04 2.472220e-05 -1.857635e-06 2.207189e-06 2.316479e-05
N1 2.432077e-04 2.652677e-04 2.675387e-05 6.825394e-06 3.363997e-06 -6.047887e-05
N2 2.432077e-04 2.652677e-04 2.675387e-05 -6.825424e-06 3.363993e-06 6.047884e-05

50 K
U*_11 U*_22 U*_33 U*_23 U*_13 U*_12
Cl1 2.919256e-04 4.050600e-04 3.293859e-05 -9.315288e-06 -1.643544e-05 -3.961192e-05
Cl2 2.919256e-04 4.050600e-04 3.293859e-05 9.315247e-06 -1.643545e-05 3.961189e-05
Cl3 3.829620e-04 3.605890e-04 3.291613e-05 3.306997e-05 1.430072e-05 -1.785638e-05
Cl4 3.829620e-04 3.605891e-04 3.291614e-05 -3.307001e-05 1.430072e-05 1.785633e-05
Cl5 2.675301e-04 2.795103e-04 4.420226e-05 -9.758559e-06 2.532577e-05 -7.567201e-05
Cl6 2.675301e-04 2.795103e-04 4.420225e-05 9.758521e-06 2.532577e-05 7.567197e-05
Cl7 2.870988e-04 4.339902e-04 3.261379e-05 -2.503142e-06 -1.792111e-05 -2.101773e-05
Cl8 2.870988e-04 4.339902e-04 3.261379e-05 2.503099e-06 -1.792111e-05 2.101770e-05
Cl9 4.029964e-04 3.363322e-04 3.287968e-05 2.798718e-05 2.128554e-05 -2.253005e-05
Cl10 4.029964e-04 3.363322e-04 3.287968e-05 -2.798722e-05 2.128554e-05 2.252999e-05
C1 2.439106e-04 2.825888e-04 2.798319e-05 -2.379746e-07 3.807093e-06 -3.261545e-05
C2 2.439106e-04 2.825888e-04 2.798319e-05 2.379435e-07 3.807090e-06 3.261541e-05
C3 2.521253e-04 2.699411e-04 2.805827e-05 6.892034e-06 8.812170e-06 -2.384120e-05
C4 2.521253e-04 2.699411e-04 2.805827e-05 -6.892064e-06 8.812169e-06 2.384116e-05
C5 2.656282e-04 2.670110e-04 2.802512e-05 5.946853e-06 9.858116e-06 -2.677222e-05
C6 2.656282e-04 2.670110e-04 2.802512e-05 -5.946884e-06 9.858114e-06 2.677218e-05
C7 2.345729e-04 2.545858e-04 3.003082e-05 -1.339993e-07 1.007266e-05 -3.289018e-05
C8 2.345729e-04 2.545858e-04 3.003082e-05 1.339693e-07 1.007266e-05 3.289014e-05
C9 2.411162e-04 2.747999e-04 2.804305e-05 4.945314e-07 3.157161e-06 -2.197435e-05
C10 2.411162e-04 2.747999e-04 2.804305e-05 -4.945618e-07 3.157159e-06 2.197432e-05
N1 2.744813e-04 2.978328e-04 3.046388e-05 5.998985e-06 5.175668e-06 -6.644917e-05
N2 2.744813e-04 2.978328e-04 3.046388e-05 -5.999018e-06 5.175663e-06 6.644914e-05

60 K
U*_11 U*_22 U*_33 U*_23 U*_13 U*_12
Cl1 3.329541e-04 4.632542e-04 3.748928e-05 -1.130994e-05 -1.887962e-05 -4.473146e-05
Cl2 3.329541e-04 4.632542e-04 3.748928e-05 1.130989e-05 -1.887963e-05 4.473142e-05
Cl3 4.380450e-04 4.121071e-04 3.755579e-05 3.785844e-05 1.665023e-05 -1.936907e-05
Cl4 4.380450e-04 4.121071e-04 3.755580e-05 -3.785849e-05 1.665023e-05 1.936901e-05
Cl5 3.040148e-04 3.173050e-04 5.058205e-05 -1.215224e-05 2.965767e-05 -8.558769e-05
Cl6 3.040148e-04 3.173050e-04 5.058205e-05 1.215220e-05 2.965767e-05 8.558765e-05
Cl7 3.267882e-04 4.976366e-04 3.719210e-05 -3.462127e-06 -2.066619e-05 -2.269549e-05
Cl8 3.267882e-04 4.976366e-04 3.719210e-05 3.462078e-06 -2.066619e-05 2.269545e-05
Cl9 4.617445e-04 3.836219e-04 3.740904e-05 3.175125e-05 2.467615e-05 -2.488760e-05
Cl10 4.617445e-04 3.836219e-04 3.740904e-05 -3.175129e-05 2.467615e-05 2.488754e-05
C1 2.733958e-04 3.170825e-04 3.141289e-05 -1.417522e-06 4.807094e-06 -3.428963e-05
C2 2.733958e-04 3.170825e-04 3.141289e-05 1.417487e-06 4.807091e-06 3.428959e-05
C3 2.826849e-04 3.013934e-04 3.150013e-05 6.865569e-06 1.091297e-05 -2.306185e-05
C4 2.826849e-04 3.013934e-04 3.150013e-05 -6.865604e-06 1.091297e-05 2.306181e-05
C5 2.989080e-04 2.987600e-04 3.146254e-05 5.817506e-06 1.187945e-05 -2.737336e-05
C6 2.989080e-04 2.987600e-04 3.146254e-05 -5.817540e-06 1.187945e-05 2.737332e-05
C7 2.620846e-04 2.838869e-04 3.389912e-05 -1.443462e-06 1.230183e-05 -3.430191e-05
C8 2.620845e-04 2.838869e-04 3.389912e-05 1.443428e-06 1.230183e-05 3.430187e-05
C9 2.693111e-04 3.075132e-04 3.148645e-05 -8.165695e-07 4.088935e-06 -2.090326e-05
C10 2.693111e-04 3.075132e-04 3.148645e-05 8.165354e-07 4.088933e-06 2.090322e-05
N1 3.071405e-04 3.319556e-04 3.434182e-05 5.289782e-06 6.977780e-06 -7.308388e-05
N2 3.071405e-04 3.319556e-04 3.434182e-05 -5.289819e-06 6.977774e-06 7.308384e-05

70 K
U*_11 U*_22 U*_33 U*_23 U*_13 U*_12
Cl1 3.752878e-04 5.234513e-04 4.217635e-05 -1.326532e-05 -2.149938e-05 -5.037231e-05
Cl2 3.752878e-04 5.234513e-04 4.217635e-05 1.326526e-05 -2.149939e-05 5.037227e-05
Cl3 4.949333e-04 4.654054e-04 4.231806e-05 4.290669e-05 1.894326e-05 -2.133469e-05
Cl4 4.949333e-04 4.654054e-04 4.231807e-05 -4.290674e-05 1.894326e-05 2.133463e-05
Cl5 3.416775e-04 3.564350e-04 5.713885e-05 -1.445466e-05 3.398445e-05 -9.618006e-05
Cl6 3.416775e-04 3.564350e-04 5.713885e-05 1.445461e-05 3.398444e-05 9.618001e-05
Cl7 3.678616e-04 5.633601e-04 4.189318e-05 -4.317018e-06 -2.358076e-05 -2.482789e-05
Cl8 3.678616e-04 5.633601e-04 4.189318e-05 4.316963e-06 -2.358077e-05 2.482785e-05
Cl9 5.223745e-04 4.325807e-04 4.208359e-05 3.576208e-05 2.809649e-05 -2.763226e-05
Cl10 5.223745e-04 4.325808e-04 4.208359e-05 -3.576213e-05 2.809649e-05 2.763219e-05
C1 3.035738e-04 3.524663e-04 3.492885e-05 -2.570987e-06 5.784508e-06 -3.616743e-05
C2 3.035738e-04 3.524663e-04 3.492885e-05 2.570948e-06 5.784506e-06 3.616739e-05
C3 3.139461e-04 3.336617e-04 3.501463e-05 6.878110e-06 1.299732e-05 -2.240802e-05
C4 3.139461e-04 3.336617e-04 3.501463e-05 -6.878148e-06 1.299732e-05 2.240798e-05
C5 3.330320e-04 3.313992e-04 3.498162e-05 5.753152e-06 1.392630e-05 -2.815970e-05
C6 3.330320e-04 3.313992e-04 3.498163e-05 -5.753190e-06 1.392630e-05 2.815966e-05
C7 2.903227e-04 3.139298e-04 3.784456e-05 -2.726889e-06 1.454186e-05 -3.584529e-05
C8 2.903227e-04 3.139298e-04 3.784456e-05 2.726851e-06 1.454185e-05 3.584525e-05
C9 2.982895e-04 3.410055e-04 3.500248e-05 -2.088665e-06 5.016794e-06 -1.995768e-05
C10 2.982895e-04 3.410055e-04 3.500248e-05 2.088627e-06 5.016792e-06 1.995764e-05
N1 3.407051e-04 3.671540e-04 3.832421e-05 4.658731e-06 8.727994e-06 -8.018551e-05
N2 3.407051e-04 3.671540e-04 3.832421e-05 -4.658773e-06 8.727988e-06 8.018546e-05

80 K
U*_11 U*_22 U*_33 U*_23 U*_13 U*_12
Cl1 4.185124e-04 5.850207e-04 4.696345e-05 -1.519454e-05 -2.426129e-05 -5.632474e-05
Cl2 4.185124e-04 5.850207e-04 4.696345e-05 1.519449e-05 -2.426129e-05 5.632469e-05
Cl3 5.531089e-04 5.199277e-04 4.717113e-05 4.812379e-05 2.121545e-05 -2.358033e-05
Cl4 5.531089e-04 5.199277e-04 4.717113e-05 -4.812385e-05 2.121545e-05 2.358026e-05
Cl5 3.802046e-04 3.964922e-04 6.381817e-05 -1.671781e-05 3.833087e-05 -1.072938e-04
Cl6 3.802046e-04 3.964922e-04 6.381816e-05 1.671775e-05 3.833087e-05 1.072937e-04
Cl7 4.098697e-04 6.304930e-04 4.668066e-05 -5.093852e-06 -2.663137e-05 -2.728329e-05
Cl8 4.098697e-04 6.304930e-04 4.668066e-05 5.093790e-06 -2.663137e-05 2.728324e-05
Cl9 5.842946e-04 4.826893e-04 4.685796e-05 3.996772e-05 3.153805e-05 -3.068064e-05
Cl10 5.842946e-04 4.826894e-04 4.685796e-05 -3.996780e-05 3.153805e-05 3.071654e-05
C1 3.342749e-04 3.884807e-04 3.849930e-05 -3.698369e-06 6.737002e-06 -3.824885e-05
C2 3.342749e-04 3.884807e-04 3.849930e-05 3.698326e-06 6.736999e-06 3.824880e-05
C3 3.457194e-04 3.664864e-04 3.858358e-05 6.929680e-06 1.508193e-05 -2.191569e-05
C4 3.457194e-04 3.664864e-04 3.858359e-05 -6.929722e-06 1.508193e-05 2.191564e-05
C5 3.677269e-04 3.645577e-04 3.855972e-05 5.740822e-06 1.596293e-05 -2.913739e-05
C6 3.677269e-04 3.645577e-04 3.855972e-05 -5.740863e-06 1.596293e-05 2.913734e-05
C7 3.190271e-04 3.444920e-04 4.184902e-05 -3.971263e-06 1.677173e-05 -3.758616e-05
C8 3.190271e-04 3.444920e-04 4.184901e-05 3.971222e-06 1.677173e-05 3.758611e-05
C9 3.277330e-04 3.750912e-04 3.857298e-05 -3.334702e-06 5.932356e-06 -1.917973e-05
C10 3.277330e-04 3.750912e-04 3.857298e-05 3.334660e-06 5.932355e-06 1.917969e-05
N1 3.749955e-04 4.032055e-04 4.238379e-05 4.118781e-06 1.045131e-05 -8.771194e-05
N2 3.749955e-04 4.032055e-04 4.238379e-05 -4.118826e-06 1.045130e-05 8.771189e-05

90 K
U*_11 U*_22 U*_33 U*_23 U*_13 U*_12
Cl1 4.624500e-04 6.475915e-04 5.182781e-05 -1.709767e-05 -2.710044e-05 -6.251677e-05
Cl2 4.624500e-04 6.475915e-04 5.182780e-05 1.709760e-05 -2.710044e-05 6.251672e-05
Cl3 6.122185e-04 5.753402e-04 5.209226e-05 5.347073e-05 2.349407e-05 -2.598047e-05
Cl4 6.122185e-04 5.753402e-04 5.209227e-05 -5.347080e-05 2.349407e-05 2.598039e-05
Cl5 4.193707e-04 4.372541e-04 7.060186e-05 -1.894181e-05 4.267593e-05 -1.187489e-04
Cl6 4.193707e-04 4.372541e-04 7.060186e-05 1.894175e-05 4.267592e-05 1.187488e-04
Cl7 4.526127e-04 6.987016e-04 5.154088e-05 -5.831633e-06 -2.977396e-05 -2.993616e-05
Cl8 4.526127e-04 6.987015e-04 5.154088e-05 5.831565e-06 -2.977396e-05 2.993611e-05
Cl9 6.471965e-04 5.336139e-04 5.170491e-05 4.429026e-05 3.500073e-05 -3.392564e-05
Cl10 6.471965e-04 5.336139e-04 5.170492e-05 -4.429032e-05 3.500073e-05 3.392555e-05
C1 3.653693e-04 4.249402e-04 4.211516e-05 -4.799716e-06 7.672952e-06 -4.046192e-05
C2 3.653693e-04 4.249402e-04 4.211515e-05 4.799669e-06 7.672949e-06 4.046187e-05
C3 3.778850e-04 3.997932e-04 4.219341e-05 7.033202e-06 1.714785e-05 -2.150674e-05
C4 3.778850e-04 3.997932e-04 4.219341e-05 -7.033247e-06 1.714785e-05 2.150669e-05
C5 4.028260e-04 3.981983e-04 4.217867e-05 5.754502e-06 1.799345e-05 -3.021074e-05
C6 4.028260e-04 3.981983e-04 4.217867e-05 -5.754548e-06 1.799345e-05 3.021068e-05
C7 3.480997e-04 3.754992e-04 4.588979e-05 -5.189602e-06 1.899338e-05 -3.945867e-05
C8 3.480997e-04 3.754992e-04 4.588979e-05 5.189557e-06 1.899337e-05 3.945862e-05
C9 3.575798e-04 4.095849e-04 4.217980e-05 -4.541757e-06 6.839660e-06 -1.849131e-05
C10 3.575798e-04 4.095849e-04 4.217980e-05 4.541711e-06 6.839659e-06 1.849127e-05
N1 4.097961e-04 4.398504e-04 4.649334e-05 3.643895e-06 1.213497e-05 -9.553152e-05
N2 4.097961e-04 4.398504e-04 4.649334e-05 -3.643944e-06 1.213496e-05 9.553146e-05

100 K
U*_11 U*_22 U*_33 U*_23 U*_13 U*_12
Cl1 5.068630e-04 7.109413e-04 5.674672e-05 -1.898775e-05 -3.001482e-05 -6.881061e-05
Cl2 5.068630e-04 7.109412e-04 5.674672e-05 1.898767e-05 -3.001483e-05 6.881055e-05
Cl3 6.720146e-04 6.313832e-04 5.706785e-05 5.892156e-05 2.577283e-05 -2.851141e-05
Cl4 6.720146e-04 6.313832e-04 5.706786e-05 -5.892163e-05 2.577283e-05 2.851132e-05
Cl5 4.590648e-04 4.785724e-04 7.745814e-05 -2.113968e-05 4.704241e-05 -1.304795e-04
Cl6 4.590648e-04 4.785723e-04 7.745814e-05 2.113962e-05 4.704240e-05 1.304795e-04
Cl7 4.958770e-04 7.676890e-04 5.645111e-05 -6.543378e-06 -3.298138e-05 -3.272069e-05
Cl8 4.958770e-04 7.676890e-04 5.645111e-05 6.543304e-06 -3.298138e-05 3.272063e-05
Cl9 7.108447e-04 5.851690e-04 5.661082e-05 4.871666e-05 3.849085e-05 -3.726546e-05
Cl10 7.108447e-04 5.851691e-04 5.661083e-05 -4.871672e-05 3.849084e-05 3.726536e-05
C1 3.967612e-04 4.617706e-04 4.576279e-05 -5.875051e-06 8.598566e-06 -4.277066e-05
C2 3.967612e-04 4.617706e-04 4.576279e-05 5.875000e-06 8.598562e-06 4.277061e-05
C3 4.103829e-04 4.334338e-04 4.583502e-05 7.149788e-06 1.920341e-05 -2.123559e-05
C4 4.103829e-04 4.334338e-04 4.583502e-05 -7.149838e-06 1.920341e-05 2.123553e-05
C5 4.382236e-04 4.321728e-04 4.583394e-05 5.820158e-06 2.001578e-05 -3.140346e-05
C6 4.382236e-04 4.321728e-04 4.583394e-05 -5.820208e-06 2.001577e-05 3.140340e-05
C7 3.774579e-04 4.068403e-04 4.996236e-05 -6.368936e-06 2.119210e-05 -4.145670e-05
C8 3.774579e-04 4.068403e-04 4.996235e-05 6.368887e-06 2.119210e-05 4.145665e-05
C9 3.877470e-04 4.444496e-04 4.581841e-05 -5.722776e-06 7.724026e-06 -1.793455e-05
C10 3.877470e-04 4.444495e-04 4.581841e-05 5.722727e-06 7.724024e-06 1.793450e-05
N1 4.450359e-04 4.770517e-04 5.064833e-05 3.234073e-06 1.377689e-05 -1.036442e-04
N2 4.450359e-04 4.770517e-04 5.064834e-05 -3.234127e-06 1.377688e-05 1.036442e-04

110 K
U*_11 U*_22 U*_33 U*_23 U*_13 U*_12
Cl1 5.517153e-04 7.749215e-04 6.171108e-05 -2.089070e-05 -3.297096e-05 -7.525452e-05
Cl2 5.517153e-04 7.749215e-04 6.171107e-05 2.089062e-05 -3.297096e-05 7.525445e-05
Cl3 7.324004e-04 6.879825e-04 6.207974e-05 6.442431e-05 2.805580e-05 -3.108975e-05
Cl4 7.324004e-04 6.879826e-04 6.207975e-05 -6.442438e-05 2.805580e-05 3.108966e-05
Cl5 4.991093e-04 5.203357e-04 8.437341e-05 -2.331149e-05 5.142399e-05 -1.423779e-04
Cl6 4.991093e-04 5.203357e-04 8.437340e-05 2.331142e-05 5.142398e-05 1.423778e-04
Cl7 5.395566e-04 8.372698e-04 6.140222e-05 -7.229112e-06 -3.622010e-05 -3.560088e-05
Cl8 5.395566e-04 8.372698e-04 6.140222e-05 7.229031e-06 -3.622010e-05 3.560082e-05
Cl9 7.750488e-04 6.372063e-04 6.155758e-05 5.320800e-05 4.198733e-05 -4.071851e-05
Cl10 7.750488e-04 6.372063e-04 6.155758e-05 -5.320807e-05 4.198733e-05 4.071840e-05
C1 4.283788e-04 4.988977e-04 4.943315e-05 -6.924375e-06 9.509595e-06 -4.517507e-05
C2 4.283788e-04 4.988977e-04 4.943314e-05 6.924320e-06 9.509591e-06 4.517502e-05
C3 4.431055e-04 4.673712e-04 4.949480e-05 7.305380e-06 2.124224e-05 -2.108995e-05
C4 4.431055e-04 4.673712e-04 4.949481e-05 -7.305434e-06 2.124224e-05 2.108989e-05
C5 4.738578e-04 4.664068e-04 4.950736e-05 5.898856e-06 2.203395e-05 -3.269800e-05
C6 4.738578e-04 4.664068e-04 4.950736e-05 -5.898909e-06 2.203395e-05 3.269794e-05
C7 4.070547e-04 4.384781e-04 5.406216e-05 -7.535252e-06 2.339097e-05 -4.352056e-05
C8 4.070547e-04 4.384781e-04 5.406215e-05 7.535199e-06 2.339096e-05 4.352050e-05
C9 4.181398e-04 4.795738e-04 4.947974e-05 -6.877808e-06 8.593807e-06 -1.743747e-05
C10 4.181398e-04 4.795738e-04 4.947974e-05 6.877755e-06 8.593805e-06 1.743742e-05
N1 4.806312e-04 5.146239e-04 5.483513e-05 2.876274e-06 1.539584e-05 -1.119483e-04
N2 4.806312e-04 5.146238e-04 5.483513e-05 -2.876332e-06 1.539583e-05 1.119482e-04

120 K
U*_11 U*_22 U*_33 U*_23 U*_13 U*_12
Cl1 5.968424e-04 8.393469e-04 6.671178e-05 -2.278064e-05 -3.596044e-05 -8.176426e-05
Cl2 5.968424e-04 8.393468e-04 6.671178e-05 2.278055e-05 -3.596044e-05 8.176419e-05
Cl3 7.932013e-04 7.449528e-04 6.712794e-05 6.999196e-05 3.034309e-05 -3.370937e-05
Cl4 7.932013e-04 7.449528e-04 6.712795e-05 -6.999204e-05 3.034309e-05 3.370926e-05
Cl5 5.395032e-04 5.623958e-04 9.134311e-05 -2.548319e-05 5.581853e-05 -1.544561e-04
Cl6 5.395032e-04 5.623958e-04 9.134311e-05 2.548311e-05 5.581852e-05 1.544560e-04
Cl7 5.835688e-04 9.073328e-04 6.638970e-05 -7.914823e-06 -3.950478e-05 -3.851706e-05
Cl8 5.835687e-04 9.073328e-04 6.638970e-05 7.914735e-06 -3.950479e-05 3.851699e-05
Cl9 8.396798e-04 6.896516e-04 6.654061e-05 5.775124e-05 4.550072e-05 -4.418298e-05
Cl10 8.396798e-04 6.896516e-04 6.654062e-05 -5.775132e-05 4.550072e-05 4.418287e-05
C1 4.601860e-04 5.362473e-04 5.312167e-05 -7.960681e-06 1.040392e-05 -4.764531e-05
C2 4.601860e-04 5.362473e-04 5.312167e-05 7.960622e-06 1.040391e-05 4.764525e-05
C3 4.760187e-04 5.015682e-04 5.317730e-05 7.473990e-06 2.326651e-05 -2.101014e-05
C4 4.760187e-04 5.015682e-04 5.317730e-05 -7.474048e-06 2.326651e-05 2.101007e-05
C5 5.097175e-04 5.008635e-04 5.320350e-05 6.003564e-06 2.403755e-05 -3.408820e-05
C6 5.097175e-04 5.008635e-04 5.320350e-05 -6.003622e-06 2.403754e-05 3.408813e-05
C7 4.368751e-04 4.703384e-04 5.817560e-05 -8.662586e-06 2.557096e-05 -4.567394e-05
C8 4.368750e-04 4.703384e-04 5.817559e-05 8.662530e-06 2.557095e-05 4.567388e-05
C9 4.487583e-04 5.149577e-04 5.316378e-05 -8.006805e-06 9.449003e-06 -1.707205e-05
C10 4.487583e-04 5.149577e-04 5.316378e-05 8.006748e-06 9.449002e-06 1.707199e-05
N1 5.164641e-04 5.525669e-04 5.904920e-05 2.544534e-06 1.697718e-05 -1.204200e-04
N2 5.164641e-04 5.525669e-04 5.904920e-05 -2.544597e-06 1.697717e-05 1.204199e-04

130 K
U*_11 U*_22 U*_33 U*_23 U*_13 U*_12
Cl1 6.422539e-04 9.041431e-04 7.173975e-05 -2.467055e-05 -3.897498e-05 -8.830998e-05
Cl2 6.422539e-04 9.041431e-04 7.173975e-05 2.467046e-05 -3.897499e-05 8.830990e-05
Cl3 8.543574e-04 8.022568e-04 7.220335e-05 7.558559e-05 3.264303e-05 -3.638867e-05
Cl4 8.543574e-04 8.022569e-04 7.220336e-05 -7.558568e-05 3.264303e-05 3.638856e-05
Cl5 5.801027e-04 6.047526e-04 9.834912e-05 -2.764186e-05 6.021753e-05 -1.666002e-04
Cl6 5.801027e-04 6.047525e-04 9.834911e-05 2.764178e-05 6.021751e-05 1.666001e-04
Cl7 6.278425e-04 9.778039e-04 7.140443e-05 -8.587516e-06 -4.280193e-05 -4.149907e-05
Cl8 6.278424e-04 9.778038e-04 7.140443e-05 8.587420e-06 -4.280194e-05 4.149899e-05
Cl9 9.047139e-04 7.423936e-04 7.155538e-05 6.233345e-05 4.904146e-05 -4.770100e-05
Cl10 9.047139e-04 7.423936e-04 7.155539e-05 -6.233353e-05 4.904146e-05 4.770089e-05
C1 4.921131e-04 5.738195e-04 5.682837e-05 -8.983946e-06 1.128157e-05 -5.021736e-05
C2 4.921131e-04 5.738195e-04 5.682837e-05 8.983882e-06 1.128157e-05 5.021729e-05
C3 5.091217e-04 5.359877e-04 5.687797e-05 7.668611e-06 2.527407e-05 -2.102599e-05
C4 5.091217e-04 5.359877e-04 5.687797e-05 -7.668673e-06 2.527407e-05 2.102592e-05
C5 5.457440e-04 5.355055e-04 5.691779e-05 6.134237e-06 2.603703e-05 -3.550211e-05
C6 5.457440e-04 5.355055e-04 5.691780e-05 -6.134299e-06 2.603703e-05 3.550204e-05
C7 4.668143e-04 5.023471e-04 6.230268e-05 -9.789850e-06 2.773214e-05 -4.793528e-05
C8 4.668143e-04 5.023470e-04 6.230267e-05 9.789789e-06 2.773213e-05 4.793521e-05
C9 4.795425e-04 5.505270e-04 5.686145e-05 -9.109814e-06 1.029795e-05 -1.676631e-05
C10 4.795425e-04 5.505270e-04 5.686144e-05 9.109753e-06 1.029794e-05 1.676625e-05
N1 5.525447e-04 5.908067e-04 6.328146e-05 2.264793e-06 1.852918e-05 -1.290471e-04
N2 5.525447e-04 5.908067e-04 6.328146e-05 -2.264860e-06 1.852917e-05 1.290470e-04

140 K
U*_11 U*_22 U*_33 U*_23 U*_13 U*_12
Cl1 6.878921e-04 9.692361e-04 7.679497e-05 -2.656044e-05 -4.200196e-05 -9.489168e-05
Cl2 6.878921e-04 9.692360e-04 7.679497e-05 2.656034e-05 -4.200197e-05 9.489160e-05
Cl3 9.157859e-04 8.598205e-04 7.730145e-05 8.120519e-05 3.494094e-05 -3.909167e-05
Cl4 9.157859e-04 8.598206e-04 7.730146e-05 -8.120529e-05 3.494094e-05 3.909155e-05
Cl5 6.209537e-04 6.473319e-04 1.053869e-04 -2.980045e-05 6.463139e-05 -1.788882e-04
Cl6 6.209537e-04 6.473319e-04 1.053869e-04 2.980036e-05 6.463138e-05 1.788881e-04
Cl7 6.723299e-04 1.048535e-03 7.644188e-05 -9.260185e-06 -4.612624e-05 -4.451706e-05
Cl8 6.723299e-04 1.048534e-03 7.644188e-05 9.260083e-06 -4.612625e-05 4.451697e-05
Cl9 9.699865e-04 7.953952e-04 7.659738e-05 6.694162e-05 5.258235e-05 -5.124273e-05
Cl10 9.699865e-04 7.953952e-04 7.659739e-05 -6.694171e-05 5.258235e-05 5.124260e-05
C1 5.242178e-04 6.115030e-04 6.054868e-05 -9.981247e-06 1.216556e-05 -5.281311e-05
C2 5.242178e-04 6.115029e-04 6.054868e-05 9.981179e-06 1.216555e-05 5.281304e-05
C3 5.423554e-04 5.705927e-04 6.059227e-05 7.889220e-06 2.727540e-05 -2.110154e-05
C4 5.423554e-04 5.705927e-04 6.059227e-05 -7.889286e-06 2.727539e-05 2.110146e-05
C5 5.819351e-04 5.703330e-04 6.064118e-05 6.264981e-06 2.802812e-05 -3.702397e-05
C6 5.819351e-04 5.703330e-04 6.064118e-05 -6.265047e-06 2.802811e-05 3.702389e-05
C7 4.969202e-04 5.345783e-04 6.644791e-05 -1.089115e-05 2.988921e-05 -5.022031e-05
C8 4.969202e-04 5.345783e-04 6.644791e-05 1.089108e-05 2.988921e-05 5.022024e-05
C9 5.104933e-04 5.862817e-04 6.057727e-05 -1.019978e-05 1.114278e-05 -1.656239e-05
C10 5.104933e-04 5.862817e-04 6.057727e-05 1.019972e-05 1.114278e-05 1.656232e-05
N1 5.888628e-04 6.293062e-04 6.753642e-05 2.011087e-06 2.007918e-05 -1.378058e-04
N2 5.888628e-04 6.293061e-04 6.753642e-05 -2.011159e-06 2.007916e-05 1.378057e-04

150 K
U*_11 U*_22 U*_33 U*_23 U*_13 U*_12
Cl1 7.336851e-04 1.034589e-03 8.186836e-05 -2.845031e-05 -4.504563e-05 -1.015094e-04
Cl2 7.336851e-04 1.034589e-03 8.186836e-05 2.845020e-05 -4.504564e-05 1.015093e-04
Cl3 9.774639e-04 9.176067e-04 8.242223e-05 8.685076e-05 3.724942e-05 -4.181838e-05
Cl4 9.774639e-04 9.176068e-04 8.242225e-05 -8.685086e-05 3.724942e-05 4.181825e-05
Cl5 6.619745e-04 6.900967e-04 1.124564e-04 -3.194603e-05 6.904759e-05 -1.912060e-04
Cl6 6.619745e-04 6.900966e-04 1.124564e-04 3.194594e-05 6.904758e-05 1.912059e-04
Cl7 7.170199e-04 1.119525e-03 8.150204e-05 -9.932830e-06 -4.945254e-05 -4.757103e-05
Cl8 7.170199e-04 1.119525e-03 8.150203e-05 9.932721e-06 -4.945254e-05 4.757094e-05
Cl9 1.035542e-03 8.485823e-04 8.165753e-05 7.156278e-05 5.613163e-05 -5.481430e-05
Cl10 1.035542e-03 8.485823e-04 8.165754e-05 -7.156288e-05 5.613163e-05 5.481416e-05
C1 5.564413e-04 6.493718e-04 6.428263e-05 -1.097848e-05 1.303073e-05 -5.551681e-05
C2 5.564413e-04 6.493718e-04 6.428263e-05 1.097840e-05 1.303073e-05 5.551673e-05
C3 5.757429e-04 6.053460e-04 6.432020e-05 8.122870e-06 2.925789e-05 -2.127889e-05
C4 5.757429e-04 6.053460e-04 6.432020e-05 -8.122940e-06 2.925789e-05 2.127881e-05
C5 6.182340e-04 6.052718e-04 6.437817e-05 6.434660e-06 3.002557e-05 -3.856339e-05
C6 6.182340e-04 6.052718e-04 6.437817e-05 -6.434729e-06 3.002557e-05 3.856331e-05
C7 5.271558e-04 5.669208e-04 7.060224e-05 -1.196644e-05 3.203791e-05 -5.260102e-05
C8 5.271558e-04 5.669207e-04 7.060224e-05 1.196637e-05 3.203790e-05 5.260095e-05
C9 5.415969e-04 6.221849e-04 6.430219e-05 -1.126376e-05 1.196664e-05 -1.641815e-05
C10 5.415969e-04 6.221849e-04 6.430219e-05 1.126369e-05 1.196664e-05 1.641807e-05
N1 6.253217e-04 6.680281e-04 7.180050e-05 1.783393e-06 2.159561e-05 -1.466602e-04
N2 6.253217e-04 6.680281e-04 7.180050e-05 -1.783470e-06 2.159560e-05 1.466601e-04

160 K
U*_11 U*_22 U*_33 U*_23 U*_13 U*_12
Cl1 7.796338e-04 1.100127e-03 8.696446e-05 -3.034017e-05 -4.810383e-05 -1.081270e-04
Cl2 7.796338e-04 1.100127e-03 8.696446e-05 3.034006e-05 -4.810384e-05 1.081270e-04
Cl3 1.039355e-03 9.755784e-04 8.756115e-05 9.252226e-05 3.956636e-05 -4.453281e-05
Cl4 1.039355e-03 9.755785e-04 8.756117e-05 -9.252237e-05 3.956636e-05 4.453267e-05
Cl5 7.031868e-04 7.330469e-04 1.195486e-04 -3.410457e-05 7.348699e-05 -2.035660e-04
Cl6 7.031868e-04 7.330469e-04 1.195486e-04 3.410447e-05 7.348697e-05 2.035659e-04
Cl7 7.618637e-04 1.190738e-03 8.657583e-05 -1.060548e-05 -5.279767e-05 -5.062500e-05
Cl8 7.618637e-04 1.190738e-03 8.657582e-05 1.060536e-05 -5.279767e-05 5.062490e-05
Cl9 1.101277e-03 9.019919e-04 8.673581e-05 7.622285e-05 5.968939e-05 -5.836745e-05
Cl10 1.101277e-03 9.019919e-04 8.673582e-05 -7.622295e-05 5.968939e-05 5.836731e-05
C1 5.887597e-04 6.873891e-04 6.802567e-05 -1.196274e-05 1.388755e-05 -5.821437e-05
C2 5.887597e-04 6.873891e-04 6.802566e-05 1.196266e-05 1.388755e-05 5.821429e-05
C3 6.092253e-04 6.402477e-04 6.805722e-05 8.369515e-06 3.123203e-05 -2.148608e-05
C4 6.092253e-04 6.402477e-04 6.805722e-05 -8.369588e-06 3.123203e-05 2.148600e-05
C5 6.546168e-04 6.403590e-04 6.812880e-05 6.604362e-06 3.200425e-05 -4.013880e-05
C6 6.546168e-04 6.403590e-04 6.812880e-05 -6.604436e-06 3.200424e-05 4.013871e-05
C7 5.574874e-04 5.994116e-04 7.477019e-05 -1.304170e-05 3.418040e-05 -5.501771e-05
C8 5.574874e-04 5.994116e-04 7.477019e-05 1.304163e-05 3.418039e-05 5.501763e-05
C9 5.727954e-04 6.582364e-04 6.803621e-05 -1.230175e-05 1.278214e-05 -1.633359e-05
C10 5.727954e-04 6.582363e-04 6.803621e-05 1.230168e-05 1.278214e-05 1.633351e-05
N1 6.619473e-04 7.068985e-04 7.608274e-05 1.581711e-06 2.310795e-05 -1.556102e-04
N2 6.619473e-04 7.068984e-04 7.608274e-05 -1.581792e-06 2.310793e-05 1.556101e-04

170 K
U*_11 U*_22 U*_33 U*_23 U*_13 U*_12
Cl1 8.257124e-04 1.165887e-03 9.206966e-05 -3.223002e-05 -5.117041e-05 -1.147807e-04
Cl2 8.257124e-04 1.165887e-03 9.206965e-05 3.222990e-05 -5.117042e-05 1.147806e-04
Cl3 1.101389e-03 1.033698e-03 9.270915e-05 9.820674e-05 4.188750e-05 -4.724110e-05
Cl4 1.101389e-03 1.033699e-03 9.270916e-05 -9.820685e-05 4.188750e-05 4.724095e-05
Cl5 7.444960e-04 7.761084e-04 1.266589e-04 -3.625008e-05 7.792233e-05 -2.159918e-04
Cl6 7.444960e-04 7.761084e-04 1.266589e-04 3.624998e-05 7.792231e-05 2.159917e-04
Cl7 8.068393e-04 1.262136e-03 9.166777e-05 -1.126513e-05 -5.614688e-05 -5.370881e-05
Cl8 8.068393e-04 1.262136e-03 9.166777e-05 1.126500e-05 -5.614688e-05 5.370871e-05
Cl9 1.167166e-03 9.555127e-04 9.182769e-05 8.088295e-05 6.326608e-05 -6.195658e-05
Cl10 1.167166e-03 9.555128e-04 9.182770e-05 -8.088306e-05 6.326608e-05 6.195643e-05
C1 6.211730e-04 7.254805e-04 7.177779e-05 -1.293398e-05 1.473602e-05 -6.097776e-05
C2 6.211729e-04 7.254805e-04 7.177779e-05 1.293390e-05 1.473601e-05 6.097767e-05
C3 6.428024e-04 6.752978e-04 7.180333e-05 8.629176e-06 3.319782e-05 -2.175911e-05
C4 6.428024e-04 6.752978e-04 7.180334e-05 -8.629254e-06 3.319782e-05 2.175902e-05
C5 6.911403e-04 6.755574e-04 7.188397e-05 6.787081e-06 3.398497e-05 -4.178003e-05
C6 6.911403e-04 6.755574e-04 7.188397e-05 -6.787159e-06 3.398497e-05 4.177993e-05
C7 5.879127e-04 6.320137e-04 7.894269e-05 -1.410395e-05 3.631238e-05 -5.750023e-05
C8 5.879127e-04 6.320137e-04 7.894269e-05 1.410387e-05 3.631238e-05 5.750015e-05
C9 6.040897e-04 6.944362e-04 7.178385e-05 -1.333972e-05 1.359144e-05 -1.628502e-05
C10 6.040897e-04 6.944362e-04 7.178384e-05 1.333964e-05 1.359144e-05 1.628494e-05
N1 6.987257e-04 7.459913e-04 8.037408e-05 1.406016e-06 2.459930e-05 -1.646200e-04
N2 6.987257e-04 7.459913e-04 8.037408e-05 -1.406101e-06 2.459929e-05 1.646199e-04

180 K
U*_11 U*_22 U*_33 U*_23 U*_13 U*_12
Cl1 8.718997e-04 1.231759e-03 9.719299e-05 -3.411983e-05 -5.422848e-05 -1.214704e-04
Cl2 8.718997e-04 1.231759e-03 9.719298e-05 3.411971e-05 -5.422849e-05 1.214703e-04
Cl3 1.163565e-03 1.091967e-03 9.787529e-05 1.038912e-04 4.421713e-05 -4.998537e-05
Cl4 1.163565e-03 1.091967e-03 9.787530e-05 -1.038914e-04 4.421713e-05 4.998522e-05
Cl5 7.859129e-04 8.193183e-04 1.337829e-04 -3.838261e-05 8.236404e-05 -2.284474e-04
Cl6 7.859129e-04 8.193182e-04 1.337829e-04 3.838249e-05 8.236402e-05 2.284473e-04
Cl7 8.519097e-04 1.333682e-03 9.676881e-05 -1.193775e-05 -5.950444e-05 -5.679877e-05
Cl8 8.519097e-04 1.333682e-03 9.676881e-05 1.193762e-05 -5.950444e-05 5.679866e-05
Cl9 1.233222e-03 1.009182e-03 9.693772e-05 8.555604e-05 6.683866e-05 -6.557556e-05
Cl10 1.233222e-03 1.009182e-03 9.693773e-05 -8.555615e-05 6.683866e-05 6.557540e-05
C1 6.536800e-04 7.637203e-04 7.553447e-05 -1.389223e-05 1.557398e-05 -6.377099e-05
C2 6.536800e-04 7.637203e-04 7.553446e-05 1.389214e-05 1.557398e-05 6.377090e-05
C3 6.765094e-04 7.104220e-04 7.555853e-05 8.914826e-06 3.515523e-05 -2.209182e-05
C4 6.765094e-04 7.104220e-04 7.555853e-05 -8.914908e-06 3.515523e-05 2.209172e-05
C5 7.277248e-04 7.108300e-04 7.565275e-05 6.982795e-06 3.595951e-05 -4.345110e-05
C6 7.277248e-04 7.108300e-04 7.565276e-05 -6.982877e-06 3.595951e-05 4.345100e-05
C7 6.184329e-04 6.647271e-04 8.312428e-05 -1.514023e-05 3.843602e-05 -6.000645e-05
C8 6.184329e-04 6.647271e-04 8.312428e-05 1.514015e-05 3.843601e-05 6.000636e-05
C9 6.355127e-04 7.307102e-04 7.553604e-05 -1.436467e-05 1.439021e-05 -1.630228e-05
C10 6.355127e-04 7.307102e-04 7.553603e-05 1.436459e-05 1.439021e-05 1.630219e-05
N1 7.356000e-04 7.851955e-04 8.467905e-05 1.230369e-06 2.608444e-05 -1.737017e-04
N2 7.356000e-04 7.851954e-04 8.467905e-05 -1.230459e-06 2.608443e-05 1.737016e-04

190 K
U*_11 U*_22 U*_33 U*_23 U*_13 U*_12
Cl1 9.182168e-04 1.297779e-03 1.023254e-04 -3.600968e-05 -5.729492e-05 -1.281240e-04
Cl2 9.182168e-04 1.297779e-03 1.023254e-04 3.600955e-05 -5.729493e-05 1.281239e-04
Cl3 1.225884e-03 1.150309e-03 1.030505e-04 1.095887e-04 4.655096e-05 -5.275948e-05
Cl4 1.225884e-03 1.150310e-03 1.030505e-04 -1.095889e-04 4.655096e-05 5.275932e-05
Cl5 8.274268e-04 8.626023e-04 1.409250e-04 -4.052810e-05 8.680169e-05 -2.409092e-04
Cl6 8.274267e-04 8.626023e-04 1.409250e-04 4.052798e-05 8.680166e-05 2.409091e-04
Cl7 8.970879e-04 1.405340e-03 1.018835e-04 -1.259740e-05 -6.285563e-05 -5.988258e-05
Cl8 8.970879e-04 1.405340e-03 1.018835e-04 1.259726e-05 -6.285564e-05 5.988247e-05
Cl9 1.299397e-03 1.062925e-03 1.020568e-04 9.024207e-05 7.042805e-05 -6.915242e-05
Cl10 1.299397e-03 1.062925e-03 1.020568e-04 -9.024219e-05 7.042805e-05 6.915224e-05
C1 6.862251e-04 8.020343e-04 7.930475e-05 -1.485045e-05 1.641837e-05 -6.660020e-05
C2 6.862250e-04 8.020343e-04 7.930475e-05 1.485036e-05 1.641836e-05 6.660011e-05
C3 7.102763e-04 7.456575e-04 7.932282e-05 9.200499e-06 3.710431e-05 -2.246051e-05
C4 7.102763e-04 7.456575e-04 7.932282e-05 -9.200585e-06 3.710431e-05 2.246041e-05
C5 7.644030e-04 7.462139e-04 7.942610e-05 7.191502e-06 3.792355e-05 -4.515202e-05
C6 7.644030e-04 7.462138e-04 7.942610e-05 -7.191588e-06 3.792355e-05 4.515191e-05
C7 6.490250e-04 6.975147e-04 8.731494e-05 -1.617646e-05 4.056390e-05 -6.258464e-05
C8 6.490250e-04 6.975147e-04 8.731494e-05 1.617638e-05 4.056389e-05 6.258454e-05
C9 6.669957e-04 7.670955e-04 7.929731e-05 -1.536364e-05 1.518065e-05 -1.637922e-05
C10 6.669957e-04 7.670955e-04 7.929731e-05 1.536355e-05 1.518065e-05 1.637913e-05
N1 7.726030e-04 8.245109e-04 8.898857e-05 1.080685e-06 2.755907e-05 -1.828071e-04
N2 7.726029e-04 8.245108e-04 8.898857e-05 -1.080780e-06 2.755905e-05 1.828070e-04

200 K
U*_11 U*_22 U*_33 U*_23 U*_13 U*_12
Cl1 9.645948e-04 1.363874e-03 1.074715e-04 -3.789950e-05 -6.036754e-05 -1.348137e-04
Cl2 9.645948e-04 1.363874e-03 1.074714e-04 3.789936e-05 -6.036755e-05 1.348136e-04
Cl3 1.288274e-03 1.208763e-03 1.082348e-04 1.152992e-04 4.888905e-05 -5.549148e-05
Cl4 1.288274e-03 1.208763e-03 1.082348e-04 -1.152993e-04 4.888905e-05 5.549131e-05
Cl5 8.690254e-04 9.059605e-04 1.480807e-04 -4.267357e-05 9.125831e-05 -2.534069e-04
Cl6 8.690254e-04 9.059605e-04 1.480807e-04 4.267344e-05 9.125829e-05 2.534068e-04
Cl7 9.423610e-04 1.477110e-03 1.070072e-04 -1.327000e-05 -6.621518e-05 -6.300852e-05
Cl8 9.423609e-04 1.477110e-03 1.070072e-04 1.326985e-05 -6.621518e-05 6.300840e-05
Cl9 1.365666e-03 1.116817e-03 1.071850e-04 9.492813e-05 7.400908e-05 -7.276525e-05
Cl10 1.365666e-03 1.116817e-03 1.071850e-04 -9.492826e-05 7.400908e-05 7.276507e-05
C1 7.188639e-04 8.404225e-04 8.307958e-05 -1.579566e-05 1.725225e-05 -6.949524e-05
C2 7.188639e-04 8.404225e-04 8.307958e-05 1.579556e-05 1.725224e-05 6.949514e-05
C3 7.441370e-04 7.810043e-04 8.309166e-05 9.499190e-06 3.904289e-05 -2.289503e-05
C4 7.441370e-04 7.810043e-04 8.309166e-05 -9.499280e-06 3.904289e-05 2.289492e-05
C5 8.011521e-04 7.816719e-04 8.320397e-05 7.400233e-06 3.988970e-05 -4.688892e-05
C6 8.011521e-04 7.816719e-04 8.320397e-05 -7.400323e-06 3.988969e-05 4.688881e-05
C7 6.796640e-04 7.304135e-04 9.151017e-05 -1.721268e-05 4.266872e-05 -6.519881e-05
C8 6.796640e-04 7.304135e-04 9.151017e-05 1.721259e-05 4.266872e-05 6.519871e-05
C9 6.985735e-04 8.035921e-04 8.306768e-05 -1.636258e-05 1.596274e-05 -1.649214e-05
C10 6.985735e-04 8.035921e-04 8.306768e-05 1.636249e-05 1.596274e-05 1.649205e-05
N1 8.096669e-04 8.639746e-04 9.331171e-05 9.440197e-07 2.902750e-05 -1.919783e-04
N2 8.096669e-04 8.639746e-04 9.331171e-05 -9.441186e-07 2.902749e-05 1.919782e-04

210 K
U*_11 U*_22 U*_33 U*_23 U*_13 U*_12
Cl1 1.011044e-03 1.430079e-03 1.126220e-04 -3.978931e-05 -6.343806e-05 -1.415033e-04
Cl2 1.011044e-03 1.430079e-03 1.126220e-04 3.978917e-05 -6.343808e-05 1.415032e-04
Cl3 1.350772e-03 1.267328e-03 1.134281e-04 1.210096e-04 5.123135e-05 -5.825945e-05
Cl4 1.350772e-03 1.267328e-03 1.134281e-04 -1.210098e-04 5.123135e-05 5.825927e-05
Cl5 9.106958e-04 9.494300e-04 1.552454e-04 -4.480604e-05 9.571918e-05 -2.659345e-04
Cl6 9.106958e-04 9.494300e-04 1.552454e-04 4.480591e-05 9.571916e-05 2.659344e-04
Cl7 9.876939e-04 1.548990e-03 1.121400e-04 -1.392965e-05 -6.958306e-05 -6.609233e-05
Cl8 9.876939e-04 1.548990e-03 1.121400e-04 1.392950e-05 -6.958306e-05 6.609221e-05
Cl9 1.432019e-03 1.170746e-03 1.123222e-04 9.962716e-05 7.760694e-05 -7.637195e-05
Cl10 1.432019e-03 1.170746e-03 1.123222e-04 -9.962730e-05 7.760694e-05 7.637176e-05
C1 7.515617e-04 8.788848e-04 8.685897e-05 -1.674086e-05 1.807565e-05 -7.239028e-05
C2 7.515617e-04 8.788848e-04 8.685897e-05 1.674077e-05 1.807565e-05 7.239018e-05
C3 7.780217e-04 8.164252e-04 8.686505e-05 9.810875e-06 4.097102e-05 -2.335939e-05
C4 7.780217e-04 8.164252e-04 8.686505e-05 -9.810969e-06 4.097101e-05 2.335928e-05
C5 8.379731e-04 8.172412e-04 8.699092e-05 7.621958e-06 4.186009e-05 -4.865566e-05
C6 8.379731e-04 8.172412e-04 8.699092e-05 -7.622053e-06 4.186008e-05 4.865555e-05
C7 7.104099e-04 7.633865e-04 9.571447e-05 -1.822292e-05 4.477777e-05 -6.783668e-05
C8 7.104099e-04 7.633865e-04 9.571447e-05 1.822283e-05 4.477777e-05 6.783658e-05
C9 7.301873e-04 8.401628e-04 8.684258e-05 -1.734852e-05 1.674695e-05 -1.663491e-05
C10 7.301873e-04 8.401628e-04 8.684258e-05 1.736140e-05 1.674695e-05 1.664095e-05
N1 8.468596e-04 9.035497e-04 9.763941e-05 8.203479e-07 3.048542e-05 -2.011794e-04
N2 8.468596e-04 9.035496e-04 9.763941e-05 -8.204513e-07 3.048540e-05 2.011793e-04

220 K
U*_11 U*_22 U*_33 U*_23 U*_13 U*_12
Cl1 1.057552e-03 1.496396e-03 1.177817e-04 -4.167913e-05 -6.651692e-05 -1.481930e-04
Cl2 1.057552e-03 1.496396e-03 1.177817e-04 4.167898e-05 -6.651693e-05 1.481929e-04
Cl3 1.413341e-03 1.325931e-03 1.186305e-04 1.267331e-04 5.357791e-05 -6.102129e-05
Cl4 1.413341e-03 1.325931e-03 1.186306e-04 -1.267332e-04 5.357791e-05 6.102110e-05
Cl5 9.524273e-04 9.929737e-04 1.624238e-04 -4.695149e-05 1.001739e-04 -2.784683e-04
Cl6 9.524272e-04 9.929736e-04 1.624238e-04 4.695135e-05 1.001738e-04 2.784681e-04
Cl7 1.033098e-03 1.620945e-03 1.172774e-04 -1.458928e-05 -7.294883e-05 -6.921213e-05
Cl8 1.033098e-03 1.620945e-03 1.172774e-04 1.458912e-05 -7.294884e-05 6.921200e-05
Cl9 1.498467e-03 1.224786e-03 1.174685e-04 1.043262e-04 8.119644e-05 -8.001463e-05
Cl10 1.498467e-03 1.224786e-03 1.174685e-04 -1.043264e-04 8.119644e-05 8.001443e-05
C1 7.843184e-04 9.174213e-04 9.064291e-05 -1.767310e-05 1.888858e-05 -7.527918e-05
C2 7.843184e-04 9.174213e-04 9.064291e-05 1.767300e-05 1.888857e-05 7.527907e-05
C3 8.120132e-04 8.519575e-04 9.064751e-05 1.012258e-05 4.290336e-05 -2.385973e-05
C4 8.120132e-04 8.519575e-04 9.064751e-05 -1.012268e-05 4.290336e-05 2.385962e-05
C5 8.748879e-04 8.528105e-04 9.078242e-05 7.856653e-06 4.381997e-05 -5.041627e-05
C6 8.748879e-04 8.528105e-04 9.078242e-05 -7.856752e-06 4.381997e-05 5.041615e-05
C7 7.411916e-04 7.963966e-04 9.992331e-05 -1.923317e-05 4.688894e-05 -7.047455e-05
C8 7.411916e-04 7.963966e-04 9.992331e-05 1.923307e-05 4.688894e-05 7.047445e-05
C9 7.618959e-04 8.768078e-04 9.062657e-05 -1.833444e-05 1.752281e-05 -1.681366e-05
C10 7.618959e-04 8.768078e-04 9.062657e-05 1.833434e-05 1.752280e-05 1.681356e-05
N1 8.841112e-04 9.431989e-04 1.019717e-04 6.966998e-07 3.193285e-05 -2.104164e-04
N2 8.841112e-04 9.431989e-04 1.019717e-04 -6.968078e-07 3.193283e-05 2.104163e-04

230 K
U*_11 U*_22 U*_33 U*_23 U*_13 U*_12
Cl1 1.104133e-03 1.562750e-03 1.229504e-04 -4.356893e-05 -6.959153e-05 -1.549186e-04
Cl2 1.104133e-03 1.562750e-03 1.229504e-04 4.356877e-05 -6.959154e-05 1.549185e-04
Cl3 1.476015e-03 1.384607e-03 1.238375e-04 1.324565e-04 5.592654e-05 -6.374714e-05
Cl4 1.476015e-03 1.384607e-03 1.238375e-04 -1.324566e-04 5.592654e-05 6.374695e-05
Cl5 9.942414e-04 1.036554e-03 1.696067e-04 -4.908396e-05 1.046432e-04 -2.909959e-04
Cl6 9.942414e-04 1.036554e-03 1.696067e-04 4.908382e-05 1.046432e-04 2.909957e-04
Cl7 1.078573e-03 1.692973e-03 1.224238e-04 -1.524890e-05 -7.631036e-05 -7.233193e-05
Cl8 1.078573e-03 1.692973e-03 1.224238e-04 1.524874e-05 -7.631037e-05 7.233180e-05
Cl9 1.564998e-03 1.278863e-03 1.226194e-04 1.090382e-04 8.480063e-05 -8.361519e-05
Cl10 1.564998e-03 1.278863e-03 1.226194e-04 -1.090384e-04 8.480063e-05 8.361498e-05
C1 8.171589e-04 9.560691e-04 9.443591e-05 -1.859232e-05 1.971833e-05 -7.823390e-05
C2 8.171589e-04 9.560691e-04 9.443590e-05 1.859221e-05 1.971832e-05 7.823379e-05
C3 8.460646e-04 8.875268e-04 9.443906e-05 1.044726e-05 4.482738e-05 -2.435394e-05
C4 8.460646e-04 8.875268e-04 9.443906e-05 -1.044736e-05 4.482738e-05 2.435382e-05
C5 9.117918e-04 8.884911e-04 9.457848e-05 8.091396e-06 4.576943e-05 -5.224884e-05
C6 9.117918e-04 8.884911e-04 9.457848e-05 -8.091498e-06 4.576943e-05 5.224871e-05
C7 7.720323e-04 8.294809e-04 1.041367e-04 -2.024337e-05 4.898964e-05 -7.318439e-05
C8 7.720323e-04 8.294809e-04 1.041367e-04 2.024327e-05 4.898963e-05 7.318428e-05
C9 7.936624e-04 9.135269e-04 9.441058e-05 -1.930737e-05 1.828604e-05 -1.702226e-05
C10 7.936624e-04 9.135269e-04 9.441057e-05 1.930727e-05 1.828604e-05 1.702215e-05
N1 9.214346e-04 9.829594e-04 1.063130e-04 5.860456e-07 3.338453e-05 -2.196833e-04
N2 9.214346e-04 9.829593e-04 1.063130e-04 -5.861581e-07 3.338452e-05 2.196832e-04

240 K
U*_11 U*_22 U*_33 U*_23 U*_13 U*_12
Cl1 1.150750e-03 1.629179e-03 1.281237e-04 -4.545875e-05 -7.266401e-05 -1.616083e-04
Cl2 1.150750e-03 1.629179e-03 1.281237e-04 4.545859e-05 -7.266402e-05 1.616081e-04
Cl3 1.538727e-03 1.443358e-03 1.290535e-04 1.381799e-04 5.827944e-05 -6.650898e-05
Cl4 1.538727e-03 1.443358e-03 1.290536e-04 -1.381801e-04 5.827944e-05 6.650877e-05
Cl5 1.036092e-03 1.080172e-03 1.767942e-04 -5.122938e-05 1.091147e-04 -3.035656e-04
Cl6 1.036091e-03 1.080172e-03 1.767942e-04 5.122924e-05 1.091147e-04 3.035654e-04
Cl7 1.124086e-03 1.765039e-03 1.275793e-04 -1.592150e-05 -7.966762e-05 -7.545786e-05
Cl8 1.124086e-03 1.765039e-03 1.275793e-04 1.592133e-05 -7.966763e-05 7.545773e-05
Cl9 1.631554e-03 1.333015e-03 1.277793e-04 1.137502e-04 8.839651e-05 -8.721575e-05
Cl10 1.631554e-03 1.333015e-03 1.277793e-04 -1.137504e-04 8.839650e-05 8.721553e-05
C1 8.500114e-04 9.947169e-04 9.823347e-05 -1.952451e-05 2.052505e-05 -8.119477e-05
C2 8.500114e-04 9.947169e-04 9.823347e-05 1.952440e-05 2.052504e-05 8.119465e-05
C3 8.801510e-04 9.231703e-04 9.823061e-05 1.078496e-05 4.675137e-05 -2.491397e-05
C4 8.801510e-04 9.231703e-04 9.823061e-05 -1.078506e-05 4.675137e-05 2.491385e-05
C5 9.488014e-04 9.242088e-04 9.837906e-05 8.339109e-06 4.772096e-05 -5.407527e-05
C6 9.488014e-04 9.242088e-04 9.837906e-05 -8.339215e-06 4.772096e-05 5.407514e-05
C7 8.029319e-04 8.626394e-04 1.083546e-04 -2.124060e-05 5.107986e-05 -7.588809e-05
C8 8.029319e-04 8.626394e-04 1.083546e-04 2.124049e-05 5.107985e-05 7.588798e-05
C9 8.254659e-04 9.502831e-04 9.820365e-05 -2.026730e-05 1.905354e-05 -1.726069e-05
C10 8.254659e-04 9.502831e-04 9.820365e-05 2.026720e-05 1.905354e-05 1.726058e-05
N1 9.588519e-04 1.022757e-03 1.106588e-04 4.883615e-07 3.482571e-05 -2.289441e-04
N2 9.588519e-04 1.022757e-03 1.106588e-04 -4.884786e-07 3.482570e-05 2.289440e-04

250 K
U*_11 U*_22 U*_33 U*_23 U*_13 U*_12
Cl1 1.197437e-03 1.695681e-03 1.333015e-04 -4.734854e-05 -7.573439e-05 -1.683339e-04
Cl2 1.197437e-03 1.695681e-03 1.333015e-04 4.734837e-05 -7.573441e-05 1.683338e-04
Cl3 1.601475e-03 1.502145e-03 1.342741e-04 1.439034e-04 6.063447e-05 -6.930680e-05
Cl4 1.601475e-03 1.502145e-03 1.342741e-04 -1.439035e-04 6.063447e-05 6.930659e-05
Cl5 1.078003e-03 1.123864e-03 1.839953e-04 -5.336184e-05 1.135800e-04 -3.161292e-04
Cl6 1.078003e-03 1.123864e-03 1.839952e-04 5.336168e-05 1.135800e-04 3.161290e-04
Cl7 1.169657e-03 1.837179e-03 1.327348e-04 -1.658113e-05 -8.303750e-05 -7.857766e-05
Cl8 1.169657e-03 1.837179e-03 1.327348e-04 1.658095e-05 -8.303751e-05 7.857752e-05
Cl9 1.698192e-03 1.387203e-03 1.329437e-04 1.184622e-04 9.200706e-05 -9.085229e-05
Cl10 1.698192e-03 1.387203e-03 1.329438e-04 -1.184624e-04 9.200706e-05 9.085207e-05
C1 8.828999e-04 1.033476e-03 1.020356e-04 -2.044370e-05 2.133389e-05 -8.418548e-05
C2 8.828999e-04 1.033476e-03 1.020356e-04 2.044359e-05 2.133388e-05 8.418536e-05
C3 9.142962e-04 9.588509e-04 1.020267e-04 1.112265e-05 4.866489e-05 -2.547400e-05
C4 9.142962e-04 9.588509e-04 1.020267e-04 -1.112276e-05 4.866489e-05 2.547387e-05
C5 9.858480e-04 9.600007e-04 1.021887e-04 8.586845e-06 4.967677e-05 -5.593768e-05
C6 9.858480e-04 9.600006e-04 1.021887e-04 -8.586956e-06 4.967676e-05 5.593755e-05
C7 8.338793e-04 8.958720e-04 1.125771e-04 -2.223778e-05 5.318478e-05 -7.866376e-05
C8 8.338793e-04 8.958720e-04 1.125771e-04 2.223767e-05 5.318477e-05 7.866364e-05
C9 8.573282e-04 9.871505e-04 1.020013e-04 -2.122724e-05 1.981056e-05 -1.749913e-05
C10 8.573282e-04 9.871505e-04 1.020013e-04 2.122713e-05 1.981056e-05 1.749901e-05
N1 9.962932e-04 1.062666e-03 1.150093e-04 3.907011e-07 3.625644e-05 -2.382409e-04
N2 9.962932e-04 1.062666e-03 1.150093e-04 -3.908228e-07 3.625642e-05 2.382407e-04

260 K
U*_11 U*_22 U*_33 U*_23 U*_13 U*_12
Cl1 1.244150e-03 1.762183e-03 1.384884e-04 -4.925133e-05 -7.881308e-05 -1.750297e-04
Cl2 1.244150e-03 1.762183e-03 1.384884e-04 4.925116e-05 -7.881310e-05 1.750296e-04
Cl3 1.664293e-03 1.560970e-03 1.394992e-04 1.496398e-04 6.299160e-05 -7.206249e-05
Cl4 1.664293e-03 1.560970e-03 1.394992e-04 -1.496399e-04 6.299160e-05 7.206227e-05
Cl5 1.119926e-03 1.167593e-03 1.911963e-04 -5.549429e-05 1.180579e-04 -3.286928e-04
Cl6 1.119925e-03 1.167593e-03 1.911963e-04 5.549413e-05 1.180579e-04 3.286926e-04
Cl7 1.215264e-03 1.909394e-03 1.378994e-04 -1.724076e-05 -8.640311e-05 -8.169746e-05
Cl8 1.215264e-03 1.909394e-03 1.378994e-04 1.724057e-05 -8.640312e-05 8.169731e-05
Cl9 1.764855e-03 1.441466e-03 1.381127e-04 1.231743e-04 9.560716e-05 -9.448883e-05
Cl10 1.764867e-03 1.441466e-03 1.381127e-04 -1.231744e-04 9.561974e-05 9.448860e-05
C1 9.158582e-04 1.072235e-03 1.058377e-04 -2.134990e-05 2.214269e-05 -8.720603e-05
C2 9.158582e-04 1.072235e-03 1.058377e-04 2.134979e-05 2.214268e-05 8.720591e-05
C3 9.484774e-04 9.946056e-04 1.058273e-04 1.146040e-05 5.058053e-05 -2.610600e-05
C4 9.484774e-04 9.946056e-04 1.058273e-04 -1.146051e-05 5.058053e-05 2.610587e-05
C5 1.022918e-03 9.958296e-04 1.059984e-04 8.847552e-06 5.161997e-05 -5.779396e-05
C6 1.022918e-03 9.958296e-04 1.059984e-04 -8.847667e-06 5.161997e-05 5.779382e-05
C7 8.648388e-04 9.291418e-04 1.168041e-04 -2.322202e-05 5.526666e-05 -8.139730e-05
C8 8.648388e-04 9.291417e-04 1.168041e-04 2.322190e-05 5.526665e-05 8.139718e-05
C9 8.892265e-04 1.024018e-03 1.058034e-04 -2.218713e-05 2.056971e-05 -1.780953e-05
C10 8.892265e-04 1.024018e-03 1.058034e-04 2.218701e-05 2.056971e-05 1.780941e-05
N1 1.033805e-03 1.102649e-03 1.193642e-04 3.060347e-07 3.768927e-05 -2.475675e-04
N2 1.033805e-03 1.102649e-03 1.193642e-04 -3.061609e-07 3.768925e-05 2.475673e-04

270 K
U*_11 U*_22 U*_33 U*_23 U*_13 U*_12
Cl1 1.290897e-03 1.828797e-03 1.436753e-04 -5.114113e-05 -8.189179e-05 -1.817553e-04
Cl2 1.290897e-03 1.828797e-03 1.436753e-04 5.114094e-05 -8.189181e-05 1.817552e-04
Cl3 1.727146e-03 1.619869e-03 1.447243e-04 1.553762e-04 6.534871e-05 -7.481819e-05
Cl4 1.727146e-03 1.619869e-03 1.447243e-04 -1.553763e-04 6.534871e-05 7.481796e-05
Cl5 1.161908e-03 1.211397e-03 1.984065e-04 -5.763968e-05 1.225275e-04 -3.412985e-04
Cl6 1.161908e-03 1.211397e-03 1.984064e-04 5.763952e-05 1.225274e-04 3.412983e-04
Cl7 1.260907e-03 1.981608e-03 1.430685e-04 -1.791336e-05 -8.976660e-05 -8.482340e-05
Cl8 1.260907e-03 1.981608e-03 1.430685e-04 1.791316e-05 -8.976661e-05 8.482324e-05
Cl9 1.831566e-03 1.495729e-03 1.432908e-04 1.278863e-04 9.922411e-05 -9.808939e-05
Cl10 1.831566e-03 1.495729e-03 1.432908e-04 -1.278864e-04 9.922411e-05 9.808915e-05
C1 9.488416e-04 1.111068e-03 1.096489e-04 -2.226908e-05 2.294318e-05 -9.023272e-05
C2 9.488416e-04 1.111068e-03 1.096488e-04 2.226895e-05 2.294317e-05 9.023259e-05
C3 9.827304e-04 1.030397e-03 1.096371e-04 1.181109e-05 5.250042e-05 -2.669587e-05
C4 9.827304e-04 1.030397e-03 1.096371e-04 -1.181121e-05 5.250042e-05 2.669574e-05
C5 1.060070e-03 1.031733e-03 1.098126e-04 9.108282e-06 5.357785e-05 -5.968621e-05
C6 1.060070e-03 1.031733e-03 1.098126e-04 -9.108401e-06 5.357785e-05 5.968607e-05
C7 8.958821e-04 9.624486e-04 1.210402e-04 -2.420621e-05 5.736537e-05 -8.420281e-05
C8 8.958821e-04 9.624486e-04 1.210402e-04 2.420609e-05 5.736537e-05 8.420268e-05
C9 9.211827e-04 1.060960e-03 1.096056e-04 -2.313404e-05 2.131623e-05 -1.811380e-05
C10 9.211827e-04 1.060960e-03 1.096056e-04 2.313392e-05 2.131623e-05 1.811367e-05
N1 1.071388e-03 1.142669e-03 1.237237e-04 2.213919e-07 3.912420e-05 -2.569300e-04
N2 1.071388e-03 1.142669e-03 1.237237e-04 -2.215228e-07 3.912418e-05 2.569299e-04

280 K
U*_11 U*_22 U*_33 U*_23 U*_13 U*_12
Cl1 1.337681e-03 1.895411e-03 1.488713e-04 -5.303094e-05 -8.496624e-05 -1.884450e-04
Cl2 1.337681e-03 1.895411e-03 1.488713e-04 5.303076e-05 -8.496625e-05 1.884448e-04
Cl3 1.790037e-03 1.678768e-03 1.499585e-04 1.611126e-04 6.771008e-05 -7.757388e-05
Cl4 1.790037e-03 1.678768e-03 1.499585e-04 -1.611128e-04 6.771008e-05 7.757365e-05
Cl5 1.203892e-03 1.255200e-03 2.056211e-04 -5.977214e-05 1.269992e-04 -3.538621e-04
Cl6 1.203892e-03 1.255200e-03 2.056211e-04 5.977196e-05 1.269991e-04 3.538619e-04
Cl7 1.306586e-03 2.053896e-03 1.482376e-04 -1.857298e-05 -9.313011e-05 -8.794319e-05
Cl8 1.306586e-03 2.053896e-03 1.482376e-04 1.857278e-05 -9.313012e-05 8.794303e-05
Cl9 1.898347e-03 1.550066e-03 1.484688e-04 1.326113e-04 1.028410e-04 -1.017198e-04
Cl10 1.898347e-03 1.550066e-03 1.484689e-04 -1.326114e-04 1.028410e-04 1.017195e-04
C1 9.818598e-04 1.149976e-03 1.134600e-04 -2.317528e-05 2.374364e-05 -9.325327e-05
C2 9.818598e-04 1.149976e-03 1.134600e-04 2.317515e-05 2.374363e-05 9.325314e-05
C3 1.017006e-03 1.066264e-03 1.134468e-04 1.217480e-05 5.440770e-05 -2.735157e-05
C4 1.017006e-03 1.066264e-03 1.134468e-04 -1.217492e-05 5.440770e-05 2.735143e-05
C5 1.097211e-03 1.067636e-03 1.136313e-04 9.369012e-06 5.552531e-05 -6.157847e-05
C6 1.097211e-03 1.067636e-03 1.136313e-04 -9.369135e-06 5.552530e-05 6.157832e-05
C7 9.269484e-04 9.957925e-04 1.252763e-04 -2.517742e-05 5.945148e-05 -8.700218e-05
C8 9.269484e-04 9.957925e-04 1.252763e-04 2.517730e-05 5.945148e-05 8.700205e-05
C9 9.531759e-04 1.097975e-03 1.134169e-04 -2.406799e-05 2.206703e-05 -1.841192e-05
C10 9.531759e-04 1.097975e-03 1.134169e-04 2.406787e-05 2.206702e-05 1.841179e-05
N1 1.108995e-03 1.182726e-03 1.280878e-04 1.496956e-07 4.054867e-05 -2.662505e-04
N2 1.108995e-03 1.182726e-03 1.280878e-04 -1.498310e-07 4.054865e-05 2.662503e-04

290 K
U*_11 U*_22 U*_33 U*_23 U*_13 U*_12
Cl1 1.384500e-03 1.962061e-03 1.540673e-04 -5.492074e-05 -8.804070e-05 -1.951706e-04
Cl2 1.384500e-03 1.962061e-03 1.540672e-04 5.492054e-05 -8.804072e-05 1.951705e-04
Cl3 1.852963e-03 1.737741e-03 1.551972e-04 1.668490e-04 7.007358e-05 -8.032958e-05
Cl4 1.852963e-03 1.737741e-03 1.551972e-04 -1.668492e-04 7.007358e-05 8.032934e-05
Cl5 1.245958e-03 1.299040e-03 2.128358e-04 -6.190456e-05 1.314834e-04 -3.664616e-04
Cl6 1.245958e-03 1.299040e-03 2.128358e-04 6.190439e-05 1.314834e-04 3.664614e-04
Cl7 1.352289e-03 2.126222e-03 1.534158e-04 -1.923261e-05 -9.650193e-05 -9.106299e-05
Cl8 1.352289e-03 2.126222e-03 1.534158e-04 1.923241e-05 -9.650194e-05 9.106283e-05
Cl9 1.965118e-03 1.604402e-03 1.536514e-04 1.373233e-04 1.064475e-04 -1.053563e-04
Cl10 1.965118e-03 1.604402e-03 1.536515e-04 -1.373235e-04 1.064475e-04 1.053561e-04
C1 1.014914e-03 1.188883e-03 1.172758e-04 -2.408145e-05 2.454623e-05 -9.630981e-05
C2 1.014914e-03 1.188883e-03 1.172758e-04 2.408132e-05 2.454622e-05 9.630967e-05
C3 1.051307e-03 1.102167e-03 1.172611e-04 1.252553e-05 5.630453e-05 -2.801342e-05
C4 1.051307e-03 1.102167e-03 1.172611e-04 -1.252566e-05 5.630453e-05 2.801327e-05
C5 1.134412e-03 1.103613e-03 1.174546e-04 9.642736e-06 5.746228e-05 -6.350057e-05
C6 1.134412e-03 1.103613e-03 1.174546e-04 -9.642864e-06 5.746227e-05 6.350042e-05
C7 9.580377e-04 1.029174e-03 1.295124e-04 -2.614864e-05 6.152499e-05 -8.980155e-05
C8 9.580377e-04 1.029173e-03 1.295124e-04 2.614852e-05 6.152498e-05 8.980141e-05
C9 9.852039e-04 1.134991e-03 1.172281e-04 -2.501488e-05 2.281780e-05 -1.875217e-05
C10 9.852039e-04 1.134991e-03 1.172281e-04 2.501475e-05 2.281780e-05 1.875204e-05
N1 1.146638e-03 1.222858e-03 1.324563e-04 6.505283e-08 4.197527e-05 -2.756130e-04
N2 1.146638e-03 1.222858e-03 1.324563e-04 -6.519290e-08 4.197524e-05 2.756129e-04

300 K
U*_11 U*_22 U*_33 U*_23 U*_13 U*_12
Cl1 1.431356e-03 2.028749e-03 1.592678e-04 -5.681053e-05 -9.111304e-05 -2.018963e-04
Cl2 1.431356e-03 2.028749e-03 1.592678e-04 5.681033e-05 -9.111306e-05 2.018961e-04
Cl3 1.915924e-03 1.796714e-03 1.604359e-04 1.725854e-04 7.243706e-05 -8.312126e-05
Cl4 1.915924e-03 1.796714e-03 1.604359e-04 -1.725856e-04 7.243706e-05 8.312101e-05
Cl5 1.288014e-03 1.342881e-03 2.200595e-04 -6.404999e-05 1.359594e-04 -3.790313e-04
Cl6 1.288014e-03 1.342881e-03 2.200595e-04 6.404980e-05 1.359593e-04 3.790311e-04
Cl7 1.398004e-03 2.198584e-03 1.585940e-04 -1.989222e-05 -9.986117e-05 -9.421877e-05
Cl8 1.398004e-03 2.198584e-03 1.585940e-04 1.989200e-05 -9.986118e-05 9.421860e-05
Cl9 2.031970e-03 1.658813e-03 1.588340e-04 1.420483e-04 1.100665e-04 -1.089867e-04
Cl10 2.031970e-03 1.658814e-03 1.588340e-04 -1.420485e-04 1.100665e-04 1.089865e-04
C1 1.048004e-03 1.227828e-03 1.210960e-04 -2.497466e-05 2.535094e-05 -9.936021e-05
C2 1.048004e-03 1.227828e-03 1.210960e-04 2.497453e-05 2.535093e-05 9.936006e-05
C3 1.085653e-03 1.138107e-03 1.210753e-04 1.288924e-05 5.821392e-05 -2.866912e-05
C4 1.085653e-03 1.138107e-03 1.210753e-04 -1.288937e-05 5.821392e-05 2.866896e-05
C5 1.171659e-03 1.139628e-03 1.212779e-04 9.916460e-06 5.941181e-05 -6.542267e-05
C6 1.171659e-03 1.139628e-03 1.212779e-04 -9.916592e-06 5.941180e-05 6.542251e-05
C7 9.891758e-04 1.062629e-03 1.337576e-04 -2.711984e-05 6.361535e-05 -9.263690e-05
C8 9.891758e-04 1.062629e-03 1.337576e-04 2.711971e-05 6.361534e-05 9.263676e-05
C9 1.017268e-03 1.172081e-03 1.210439e-04 -2.594878e-05 2.357069e-05 -1.912226e-05
C10 1.017268e-03 1.172081e-03 1.210439e-04 2.594865e-05 2.357069e-05 1.912212e-05
N1 1.184351e-03 1.263063e-03 1.368249e-04 6.374083e-09 4.340182e-05 -2.849993e-04
N2 1.184351e-03 1.263063e-03 1.368249e-04 -6.518775e-09 4.340179e-05 2.849992e-04

